0.1	0.0	0.0	0.0	0.0
0.11	8.341056	0.0	0.0	0.0
0.12	8.293888	0.0	0.0	0.0
0.13	5.54781538462	0.0	0.0	0.0
0.14	0.0	0.0	0.0	0.0
0.15	0.0	0.0	0.0	0.0
0.16	0.0	0.0	0.0	0.0
0.17	0.0	0.0	0.0	0.0
0.18	5.347328	0.0	0.0	0.0
0.19	5.22879663158	0.0	0.0	0.0
0.2	0.0	0.0	0.0	0.0
0.21	4.7216	0.0	0.0	0.0
0.22	0.0	0.0	0.0	0.0
0.23	0.0	0.0	0.0	0.0
0.24	0.0	0.0	0.0	0.0
0.25	3.168256	0.0	0.0	0.0
0.26	3.78155323077	0.0	0.0	0.0
0.27	3.5070957037	0.0	0.0	0.0
0.28	0.0	0.0	0.0	0.0
0.29	3.43079503448	0.0	0.0	0.0
0.3	0.0	0.0	0.0	0.0
0.31	0.0	0.0	0.0	0.0
0.32	0.0	0.0	0.0	0.0
0.33	0.0	0.0	0.0	0.0
0.34	0.0	0.0	0.0	0.0
0.35	0.0	0.0	0.0	0.0
0.36	2.77628266667	0.0	0.0	0.0
0.37	0.0	0.0	0.0	0.0
0.38	0.0	0.0	0.0	0.0
0.39	2.56330830769	0.0	0.0	0.0
0.4	2.4940464	0.0	0.0	0.0
0.41	1.64991843902	0.0	0.0	0.0
0.42	2.380512	0.0	0.0	0.0
0.43	0.0	0.0	0.0	0.0
0.44	0.0	0.0	0.0	0.0
0.45	0.0	0.0	0.0	0.0
0.46	0.0	0.0	0.0	0.0
0.47	0.0	0.0	0.0	0.0
0.48	0.0	0.0	0.0	0.0
0.49	0.0	0.0	0.0	0.0
0.5	0.0	0.0	0.0	0.0
0.51	1.91500423529	0.0	0.0	0.0
0.52	0.0	0.0	0.0	0.0
0.53	0.0	0.0	0.0	0.0
0.54	0.0	0.0	0.0	0.0
0.55	0.0	0.0	0.0	0.0
0.56	0.0	0.0	0.0	0.0
0.57	0.0	0.0	0.0	0.0
0.58	0.0	0.0	0.0	0.0
0.59	0.0	0.0	0.0	0.0
0.6	0.0	0.0	0.0	0.0
0.61	1.52852459016	0.0	0.0	0.0
0.62	0.0	0.0	0.0	0.0
0.63	1.20681244444	0.0	0.0	0.0
0.64	0.0	0.0	0.0	0.0
0.65	0.0	0.0	0.0	0.0
0.66	0.0	0.0	0.0	0.0
0.67	1.4487918806	0.0	0.0	0.0
0.68	0.0	0.0	0.0	0.0
0.69	1.29713623188	0.0	0.0	0.0
0.7	0.0	0.0	0.0	0.0
0.71	0.0	0.0	0.0	0.0
0.72	0.0	0.0	0.0	0.0
0.73	1.16022268493	0.0	0.0	0.0
0.74	0.0	0.0	0.0	0.0
0.75	0.0	0.0	0.0	0.0
0.76	0.946741894737	0.0	0.0	0.0
0.77	0.952914285714	0.0	0.0	0.0
0.78	0.0	0.0	0.0	0.0
0.79	0.0	0.0	0.0	0.0
0.8	0.0019992	0.0	0.0	0.0
0.81	0.0	0.0	0.0	0.0
0.82	0.0	0.0	0.0	0.0
0.83	0.0	0.00192693975904	0.0	0.0
0.84	0.997707428571	0.0	0.0	0.0
0.85	0.0	0.0	0.0	0.0
0.86	0.0	0.0	0.0	0.0
0.87	0.0	0.0	0.0	0.0
0.88	1.09482109091	0.0	0.0	0.0
0.89	0.0	0.0	0.0	0.0
0.9	0.0	0.0	0.0	0.0
0.91	0.00175753846154	0.0	0.0	0.0
0.92	0.943571478261	0.0	0.0	0.0
0.93	0.0	0.00171974193548	0.0	0.00171974193548
0.94	0.0	0.00170144680851	0.00170144680851	0.0
0.95	0.890219115789	0.0	0.00336572631579	0.0
0.96	0.0	0.001666	0.001666	0.0
0.97	0.00164882474227	0.0	0.0	0.00164882474227
0.98	0.001632	0.0	0.001632	0.0
0.99	0.00322973737374	0.00161551515152	0.00161551515152	0.0
1.0	0.00479424	0.0	0.00159936	0.0
1.01	0.988639049505	0.00158352475248	0.00158352475248	0.0
1.02	0.00626447058824	0.0	0.0	0.0
1.03	0.00155277669903	0.00310431067961	0.00155277669903	0.0
1.04	0.00153784615385	0.00153784615385	0.0	0.0
1.05	0.0	0.00608548571429	0.0	0.0
1.06	0.00150883018868	0.00452286792453	0.00150883018868	0.00150883018868
1.07	0.737509682243	0.0	0.00149472897196	0.0
1.08	0.923022222222	0.00443911111111	0.0	0.0
1.09	0.00293343119266	0.00293343119266	0.00146730275229	0.0
1.1	0.8761344	0.00145396363636	0.00290676363636	0.0
1.11	0.00288057657658	0.0	0.0	0.0
1.12	0.00570514285714	0.00428057142857	0.00285485714286	0.001428
1.13	0.00141536283186	0.00141536283186	0.00141536283186	0.00141536283186
1.14	0.00560505263158	0.00280477192982	0.00280477192982	0.00140294736842
1.15	0.00416890434783	0.0027803826087	0.0	0.0
1.16	0.00688275862069	0.00413296551724	0.00137875862069	0.0
1.17	0.00409764102564	0.00136697435897	0.00682393162393	0.0
1.18	0.00406291525424	0.00270969491525	0.00135538983051	0.0
1.19	0.798771630252	0.001344	0.0	0.0
1.2	0.0053248	0.00266453333333	0.0013328	0.0
1.21	0.614511603306	0.00396218181818	0.00264251239669	0.0
1.22	0.776462163934	0.00392970491803	0.00262085245902	0.00262085245902
1.23	0.79156604878	0.00389775609756	0.0	0.0
1.24	0.0	0.00386632258065	0.00128980645161	0.00128980645161
1.25	0.0063872	0.005111808	0.003835392	0.0
1.26	0.00380495238095	0.00126933333333	0.00253765079365	0.00253765079365
1.27	0.0137972913386	0.010046488189	0.00377499212598	0.00125933858268
1.28	0.0112095	0.002498	0.0037455	0.0
1.29	0.0123534883721	0.007424	0.00371646511628	0.00123981395349
1.3	0.760782276923	0.00859126153846	0.00245956923077	0.00123027692308
1.31	0.713643480916	0.00365972519084	0.00244079389313	0.0
1.32	0.00725527272727	0.00725527272727	0.00725527272727	0.00121163636364
1.33	0.0107880902256	0.0131748571429	0.00360469172932	0.00120252631579
1.34	0.00476847761194	0.00357779104478	0.00238614925373	0.00119355223881
1.35	0.00709404444444	0.00945114074074	0.00591407407407	0.00118471111111
1.36	0.0105501176471	0.00587058823529	0.00704188235294	0.00235105882353
1.37	0.0116321167883	0.0116321167883	0.00466405839416	0.00233389781022
1.38	0.0149940869565	0.011547826087	0.00463026086957	0.00463026086957
1.39	0.447143136691	0.00574388489209	0.0103224172662	0.00344909352518
1.4	0.692957257143	0.0113828571429	0.00684068571429	0.00342445714286
1.41	0.692136851064	0.0135516595745	0.00226768794326	0.00340017021277
1.42	0.00898523943662	0.0101043380282	0.0101043380282	0.0
1.43	0.0210971748252	0.0166825174825	0.00335261538462	0.00446836363636
1.44	0.0121684444444	0.0154684444444	0.00665066666667	0.00665066666667
1.45	0.00879933793103	0.0120845241379	0.00440673103448	0.00550620689655
1.46	0.677861260274	0.0141724931507	0.00546849315068	0.00219002739726
1.47	0.0215945578231	0.0140760816327	0.00651493877551	0.00543129251701
1.48	0.0096947027027	0.0161189189189	0.0118395675676	0.00108064864865
1.49	0.666130899329	0.0265771812081	0.00962963758389	0.00214593288591
1.5	0.64544896	0.0148497066667	0.00425984	0.00213162666667
1.51	0.0241466490066	0.0231061192053	0.00634235761589	0.00528741721854
1.52	0.0270837894737	0.0146543157895	0.0104842105263	0.00315410526316
1.53	0.0207477124183	0.0155921568627	0.00937788235294	0.00313349019608
1.54	0.0195902337662	0.0154909090909	0.00725236363636	0.00414919480519
1.55	0.014370683871	0.0113048774194	0.00617868387097	0.00617868387097
1.56	0.0152923076923	0.0152923076923	0.013264	0.00511794871795
1.57	0.472570700637	0.0151949044586	0.0131795159236	0.00609997452229
1.58	0.0230768607595	0.0180966075949	0.016098835443	0.00505316455696
1.59	0.549222641509	0.0140091572327	0.012017509434	0.00802455345912
1.6	0.0168844	0.0168844	0.00499	0.0079744
1.61	0.0265425093168	0.0148173913043	0.0108835776398	0.00989813664596
1.62	0.0254119506173	0.0321623703704	0.0108163950617	0.0039442962963
1.63	0.568374576687	0.0348285644172	0.0165736441718	0.00880255214724
1.64	0.0231898536585	0.0174345365854	0.0126169756098	0.00486829268293
1.65	0.563820606061	0.0230493090909	0.00676887272727	0.00869585454545
1.66	0.020070939759	0.0323253975904	0.00672809638554	0.00864346987952
1.67	0.596924550898	0.0321318323353	0.0104925508982	0.00764014371257
1.68	0.594895238095	0.0300860952381	0.0123165714286	0.00854057142857
1.69	0.586442982249	0.0252860591716	0.020645112426	0.00472426035503
1.7	0.452253741176	0.0370447058824	0.00937411764706	0.00469647058824
1.71	0.533280561404	0.0377334269006	0.0130260584795	0.00373670175439
1.72	0.0527017674419	0.0357131162791	0.0239345116279	0.0101875348837
1.73	0.0372972023121	0.0237961618497	0.014702982659	0.00921156069364
1.74	0.421217103448	0.0281522758621	0.0109815172414	0.011891862069
1.75	0.0535405714286	0.0226285714286	0.00910628571429	0.00910628571429
1.76	0.0313727272727	0.0233905454545	0.0287185454545	0.009956
1.77	0.0399457627119	0.0399457627119	0.019712	0.00720849717514
1.78	0.0474908764045	0.0414529438202	0.019601258427	0.00627451685393
1.79	0.0403607597765	0.0291078435754	0.018613273743	0.00712795530726
1.8	0.0332643555556	0.0401365333333	0.0211285333333	0.0114954666667
1.81	0.0339373259669	0.0356487071823	0.0149254364641	0.0088044198895
1.82	0.0456056263736	0.0456056263736	0.0200337582418	0.00875604395604
1.83	0.0512	0.0403203497268	0.0156243934426	0.00697215300546
1.84	0.0484351304348	0.0542274782609	0.0223735652174	0.0155394782609
1.85	0.540163805405	0.0522918054054	0.0205574918919	0.0111847783784
1.86	0.523870967742	0.0446248602151	0.0162198709677	0.0128258064516
1.87	0.517586823529	0.0411034010695	0.0161331336898	0.0127572192513
1.88	0.0490277446809	0.0441501276596	0.0185586382979	0.0135298723404
1.89	0.516876190476	0.0487683386243	0.0209523809524	0.0151283809524
1.9	0.0572968421053	0.0404544	0.0224912842105	0.0191902315789
1.91	0.0734555811518	0.0466600209424	0.016619895288	0.0116620732984
1.92	0.073073	0.0384303333333	0.020625	0.012425
1.93	0.103652145078	0.0509118341969	0.0188919378238	0.0164476683938
1.94	0.0746108041237	0.0592244123711	0.0268572371134	0.0139252783505
1.95	0.0704259282051	0.0589206974359	0.0259203282051	0.0195032615385
1.96	0.0708244897959	0.0555428571429	0.0281714285714	0.0121714285714
1.97	0.0682009340102	0.0704649746193	0.0272386598985	0.0153141928934
1.98	0.0745968484848	0.0557443232323	0.0318060606061	0.0160323232323
1.99	0.239689326633	0.055464201005	0.0261824321608	0.015160281407
2.0	0.12398208	0.043032	0.04608608	0.02293088
2.01	0.082256238806	0.0541611940299	0.0344084378109	0.0118686567164
2.02	0.0738506138614	0.0687207920792	0.0327084356436	0.011027009901
2.03	0.0992507586207	0.0669181477833	0.040132729064	0.0101930246305
2.04	0.0745722352941	0.0695014901961	0.0339024313725	0.022481254902
2.05	0.0968863219512	0.0756445658537	0.0254161170732	0.0246559219512
2.06	0.106089320388	0.0623257475728	0.0410358058252	0.0222629902913
2.07	0.0812830917874	0.0734914782609	0.0489352657005	0.00923084057971
2.08	0.0731381538462	0.088572	0.0384304615385	0.0114692307692
2.09	0.416459330144	0.0798067751196	0.0397139904306	0.0226909090909
2.1	0.178096457143	0.0794267428571	0.0255524571429	0.0203492571429
2.11	0.138888796209	0.0961650047393	0.0349697819905	0.0217354312796
2.12	0.121530867925	0.0834849811321	0.0384289811321	0.0245769056604
2.13	0.112495774648	0.0810459342723	0.03464142723	0.0302930328638
2.14	0.132526654206	0.0717757009346	0.0366355140187	0.0111476635514
2.15	0.138802902326	0.0789370046512	0.0285704930233	0.0206038325581
2.16	0.148011555556	0.111578962963	0.0412595555556	0.0219555555556
2.17	0.131318267281	0.0855641658986	0.0487744884793	0.0247281843318
2.18	0.168066055046	0.0963461284404	0.0464660550459	0.0274659816514
2.19	0.190651031963	0.100437333333	0.038599890411	0.0209414429224
2.2	0.159549381818	0.114600436364	0.0501698909091	0.0258048
2.21	0.202019909502	0.0918136470588	0.0533499366516	0.0277948235294
2.22	0.230233945946	0.116056504505	0.0483571891892	0.0192492972973
2.23	0.278712538117	0.106198672646	0.0501714080717	0.0268501524664
2.24	0.225171428571	0.124187428571	0.0452214285714	0.019776
2.25	0.221660444444	0.0946116266667	0.0517333333333	0.0259217066667
2.26	0.343566442478	0.11643780531	0.0387579469027	0.0367266548673
2.27	0.160841303965	0.131465303965	0.0512775330396	0.0325049515419
2.28	0.319634807018	0.117821473684	0.0563118596491	0.0201148070175
2.29	0.41382120524	0.125617467249	0.0375825327511	0.0275004366812
2.3	0.367151582609	0.141864069565	0.0558221913043	0.0233305043478
2.31	0.253361038961	0.159709367965	0.0620193246753	0.037919030303
2.32	0.274202482759	0.134380965517	0.0566275862069	0.0251395862069
2.33	0.362424309013	0.128654832618	0.0678155536481	0.0316679141631
2.34	0.426890666667	0.160911042735	0.0811965811966	0.0302153846154
2.35	0.425530825532	0.169814876596	0.0622229787234	0.0261389617021
2.36	0.41770820339	0.153084474576	0.0632111186441	0.0273407457627
2.37	0.383560101266	0.154054751055	0.0579453839662	0.0311334345992
2.38	0.414972504202	0.157675563025	0.0700824201681	0.0284103529412
2.39	0.41076190795	0.144162276151	0.0704	0.0308729037657
2.4	0.4144096	0.175493066667	0.064	0.0384050666667
2.41	0.338072962656	0.165587120332	0.0686037510373	0.0267735103734
2.42	0.377213619835	0.170001719008	0.0707321652893	0.0387173553719
2.43	0.410375374486	0.208953679012	0.0728346337449	0.0341573004115
2.44	0.39224104918	0.162023868852	0.0671609180328	0.0396474754098
2.45	0.37044244898	0.170916832653	0.0751958204082	0.0376212897959
2.46	0.390243902439	0.174172357724	0.0795730731707	0.0368483902439
2.47	0.403322040486	0.224633263158	0.0919058137652	0.034224194332
2.48	0.402703225806	0.170322580645	0.0881225806452	0.0291313548387
2.49	0.39771784739	0.192487325301	0.0722444337349	0.0425062811245
2.5	0.399799296	0.2128576	0.096404224	0.044149504
2.51	0.397426231076	0.167802135458	0.0629522868526	0.0403569721116
2.52	0.393348825397	0.204596825397	0.0805191111111	0.0347591111111
2.53	0.393678166008	0.235779035573	0.0818924268775	0.0394381660079
2.54	0.346677417323	0.264888188976	0.0849262362205	0.044641511811
2.55	0.35872	0.179727058824	0.0972408470588	0.0491768470588
2.56	0.372669	0.22211475	0.08426275	0.038976
2.57	0.362963175097	0.183791066148	0.0756086536965	0.0464612607004
2.58	0.386310945736	0.219577302326	0.0780926511628	0.0456989767442
2.59	0.385724540541	0.221161019305	0.0744700540541	0.0461024864865
2.6	0.3820544	0.201287630769	0.0943025230769	0.0424514461538
2.61	0.383100321839	0.200092934866	0.092341210728	0.0451737011494
2.62	0.350894656489	0.174475480916	0.0951721526718	0.0438531908397
2.63	0.369394129278	0.299211193916	0.104219011407	0.0578431026616
2.64	0.374627636364	0.250306909091	0.0918196363636	0.0548276363636
2.65	0.374943396226	0.19581850566	0.10343245283	0.0450586566038
2.66	0.373629112782	0.251904	0.0848120300752	0.0521864661654
2.67	0.374221183521	0.299630022472	0.10925447191	0.0564245093633
2.68	0.373132179104	0.271305313433	0.0945910447761	0.0551125970149
2.69	0.371327524164	0.250796966543	0.0993546468401	0.0521561933086
2.7	0.364302222222	0.269295644444	0.086157037037	0.049209837037
2.71	0.366735586716	0.230795571956	0.107144738007	0.0577643690037
2.72	0.364642588235	0.259486117647	0.0916731764706	0.0526708235294
2.73	0.356544234432	0.276475076923	0.113712761905	0.054644043956
2.74	0.363113343066	0.278618627737	0.0940311824818	0.0468580437956
2.75	0.361355403636	0.28561664	0.0996712727273	0.0456003490909
2.76	0.361049043478	0.255725449275	0.111513043478	0.0492187826087
2.77	0.360977559567	0.284088606498	0.122041530686	0.0538549602888
2.78	0.359637640288	0.266297784173	0.0936690647482	0.0662696978417
2.79	0.351793548387	0.300615569892	0.106962810036	0.0550537634409
2.8	0.355605942857	0.279720228571	0.1070592	0.0501072
2.81	0.354909608541	0.264611758007	0.123075644128	0.0546619217082
2.82	0.350033702128	0.296960907801	0.109140425532	0.0575918297872
2.83	0.353312565371	0.268930939929	0.123119491166	0.063052664311
2.84	0.351328225352	0.298005633803	0.115813859155	0.0509665352113
2.85	0.350293108772	0.30336	0.132116435088	0.0771781614035
2.86	0.348948587413	0.296359384615	0.115462041958	0.0552483356643
2.87	0.347732738676	0.297906397213	0.133391163763	0.074667261324
2.88	0.344384666667	0.309134222222	0.139854222222	0.0584222222222
2.89	0.34056215917	0.278787321799	0.125894200692	0.0495725397924
2.9	0.343979255172	0.288546206897	0.123254289655	0.0714440827586
2.91	0.340834309278	0.304661773196	0.128958020619	0.059822185567
2.92	0.342460273973	0.289194739726	0.126780493151	0.0586204931507
2.93	0.339605406143	0.280171249147	0.128940122867	0.0711985802048
2.94	0.339613387755	0.312702040816	0.122013387755	0.0748155646259
2.95	0.336681437288	0.290854833898	0.135696488136	0.0687824271186
2.96	0.337602378378	0.266599783784	0.127206702703	0.0656467027027
2.97	0.336203851852	0.305419851852	0.128052579125	0.0707187070707
2.98	0.332730201342	0.279710067114	0.128045315436	0.0780617449664
2.99	0.32796767893	0.293008695652	0.121256668896	0.0824668896321
3.0	0.333056853333	0.293888	0.152768	0.07143168
3.01	0.331213607973	0.290686724252	0.131754737542	0.0612059003322
3.02	0.330866225166	0.29822813245	0.122582463576	0.0770278145695
3.03	0.326991419142	0.299371933993	0.132930745875	0.0664947326733
3.04	0.325865052632	0.301511368421	0.148815789474	0.0955138947368
3.05	0.327692380328	0.276661298361	0.121376734426	0.0880763803279
3.06	0.326772078431	0.29800972549	0.150541385621	0.0828444444444
3.07	0.325731022801	0.312807609121	0.151197394137	0.0780508143322
3.08	0.320426181818	0.298043844156	0.136352415584	0.0827551168831
3.09	0.322828427184	0.280556944984	0.133934187702	0.0970115728155
3.1	0.322198916129	0.306967741935	0.142481341935	0.0754919225806
3.11	0.321518508039	0.286272205788	0.155225517685	0.0747987138264
3.12	0.320483282051	0.289632	0.149149538462	0.070952
3.13	0.318011501597	0.276222364217	0.171061162939	0.0897431309904
3.14	0.31843689172	0.309396993631	0.140666292994	0.0855518980892
3.15	0.315665066667	0.282299733333	0.140219733333	0.0844107174603
3.16	0.316366379747	0.293997164557	0.164565873418	0.0828403037975
3.17	0.31374859306	0.289292113565	0.144946675079	0.0808410851735
3.18	0.314368	0.299793710692	0.154331773585	0.0753509433962
3.19	0.310089028213	0.290559197492	0.132413793103	0.0948090783699
3.2	0.3114342	0.2963688	0.1625088	0.1007318
3.21	0.311007900312	0.290982479751	0.161657021807	0.0737766479751
3.22	0.310380124224	0.291086906832	0.162530385093	0.089755826087
3.23	0.309483393189	0.274977287926	0.164411442724	0.0882231083591
3.24	0.308629333333	0.289166222222	0.152880197531	0.0769601975309
3.25	0.30757888	0.256271556923	0.155887458462	0.0780012307692
3.26	0.306110625767	0.296363190184	0.14773006135	0.0773377177914
3.27	0.305772036697	0.299884819572	0.157670948012	0.0949345076453
3.28	0.304581268293	0.282189073171	0.165556097561	0.0926148292683
3.29	0.302578772036	0.281989835866	0.174423148936	0.0939533617021
3.3	0.296746666667	0.282671321212	0.146288290909	0.0924578909091
3.31	0.299732495468	0.293829800604	0.176193546828	0.110305063444
3.32	0.301119807229	0.294098506024	0.191901879518	0.0923024578313
3.33	0.300103495495	0.278731531532	0.178524252252	0.0967993273273
3.34	0.299345820359	0.286147257485	0.165160431138	0.108167473054
3.35	0.296925420896	0.29285559403	0.172543235821	0.0946456835821
3.36	0.296910285714	0.293446857143	0.169542857143	0.105998285714
3.37	0.292960284866	0.286158623145	0.172749863501	0.104156866469
3.38	0.295815384615	0.291071053254	0.159053254438	0.104610650888
3.39	0.294847622419	0.278555752212	0.189638418879	0.106194690265
3.4	0.293959341176	0.287882541176	0.182512941176	0.110372894118
3.41	0.293137829912	0.275910193548	0.164582475073	0.0937551202346
3.42	0.292298666667	0.287843555556	0.165029239766	0.121726315789
3.43	0.289896489796	0.277942857143	0.180052897959	0.0924382040816
3.44	0.289759813953	0.283623255814	0.164682976744	0.105023069767
3.45	0.289665113043	0.285846446377	0.173786713043	0.107671930435
3.46	0.288950566474	0.287649294798	0.181896693642	0.10772716763
3.47	0.288059757925	0.281099066282	0.168366847262	0.112853025937
3.48	0.28735337931	0.276407172414	0.174892137931	0.112528735632
3.49	0.286523965616	0.282570269341	0.183381088825	0.111490383954
3.5	0.285463954286	0.27620864	0.20215296	0.104317074286
3.51	0.283613720798	0.277237606838	0.181239247863	0.110855111111
3.52	0.283636363636	0.280578	0.167436181818	0.105890909091
3.53	0.281325144476	0.274983161473	0.190339988669	0.109872589235
3.54	0.281745355932	0.267281355932	0.18771959322	0.108854237288
3.55	0.279508732394	0.279094084507	0.199792495775	0.107131312676
3.56	0.280757932584	0.277119101124	0.196050516854	0.100763865169
3.57	0.279810689076	0.277355563025	0.172992	0.110041277311
3.58	0.278213899441	0.269288223464	0.212153027933	0.108338055866
3.59	0.278333147632	0.273154139276	0.173127844011	0.100990930362
3.6	0.277752177778	0.274193066667	0.184333333333	0.109816177778
3.61	0.275873684211	0.272912310249	0.19162131856	0.129552310249
3.62	0.275852552486	0.275054320442	0.192557966851	0.120026519337
3.63	0.275362909091	0.26891477686	0.187603570248	0.122992837466
3.64	0.274587428571	0.270555428571	0.19028589011	0.118042021978
3.65	0.273947353425	0.26571590137	0.197593424658	0.119369468493
3.66	0.272837770492	0.268913836066	0.179015344262	0.103567213115
3.67	0.27247799455	0.270735694823	0.184323313351	0.102252817439
3.68	0.271488	0.264287130435	0.200726782609	0.120674086957
3.69	0.269628878049	0.268205268293	0.180840585366	0.12579295393
3.7	0.270267502703	0.264091502703	0.198309189189	0.121308713514
3.71	0.269533326146	0.263637735849	0.195305919137	0.128254447439
3.72	0.268044903226	0.265348129032	0.194555010753	0.113875096774
3.73	0.267614541555	0.260955967828	0.175151356568	0.122553823056
3.74	0.265528812834	0.264662930481	0.195302502674	0.118418994652
3.75	0.2664576	0.264820736	0.202535424	0.123467776
3.76	0.265908255319	0.258804255319	0.190231659574	0.10843506383
3.77	0.264165517241	0.256960679045	0.197445262599	0.142887893899
3.78	0.263493587302	0.258755555556	0.207593650794	0.139618031746
3.79	0.263852242744	0.259529287599	0.197042153034	0.11622585752
3.8	0.262736842105	0.2617632	0.189348378947	0.117490526316
3.81	0.257726152231	0.259268199475	0.178265364829	0.11874015748
3.82	0.261771895288	0.255795434555	0.176847078534	0.123650010471
3.83	0.260206120104	0.260773096606	0.189405744125	0.138940992167
3.84	0.2604	0.2516765	0.2014125	0.119962666667
3.85	0.259237402597	0.257837049351	0.193132218182	0.1165824
3.86	0.258937367876	0.258547398964	0.206512911917	0.13096107772
3.87	0.258286139535	0.250174015504	0.192968930233	0.138914728682
3.88	0.257731793814	0.253970969072	0.171030927835	0.121737896907
3.89	0.257069244216	0.251067393316	0.19135440617	0.129661696658
3.9	0.256147692308	0.255081025641	0.196344615385	0.116909292308
3.91	0.255542342711	0.254017964194	0.200311161125	0.135537759591
3.92	0.254991673469	0.249514285714	0.204993306122	0.11751444898
3.93	0.254179175573	0.251029007634	0.208880854962	0.136516885496
3.94	0.253315736041	0.250297015228	0.196686456853	0.152686944162
3.95	0.25314835443	0.249988860759	0.194835443038	0.129113924051
3.96	0.251438545455	0.250274909091	0.202384	0.149090909091
3.97	0.251886589421	0.245569128463	0.191311798489	0.145334972292
3.98	0.249680241206	0.247828582915	0.191028100503	0.122160241206
3.99	0.249117353383	0.246672842105	0.198329263158	0.13144156391
4.0	0.24999424	0.24733744	0.20822064	0.14189056
4.01	0.249202753117	0.244709665835	0.197157665835	0.155729715711
4.02	0.248736955224	0.24420919403	0.197934328358	0.144817671642
4.03	0.247757657568	0.245617707196	0.213058064516	0.131229538462
4.04	0.247501940594	0.243519841584	0.213858059406	0.138128950495
4.05	0.244561540741	0.245036088889	0.207722824691	0.137261985185
4.06	0.245811073892	0.244292571429	0.20269146798	0.132681615764
4.07	0.245337945946	0.241155773956	0.205756697789	0.14252972973
4.08	0.244847058824	0.243433882353	0.192692705882	0.144956705882
4.09	0.243394660147	0.237399471883	0.20844596577	0.143599569682
4.1	0.2438336	0.240620487805	0.189195863415	0.146728429268
4.11	0.242210257908	0.240080038929	0.208910948905	0.133696
4.12	0.242021126214	0.241569553398	0.194869902913	0.145033165049
4.13	0.241695457627	0.241816949153	0.203544639225	0.139956377724
4.14	0.241533371981	0.238515942029	0.197463806763	0.134020328502
4.15	0.240741166265	0.238235913253	0.197807653012	0.140530274699
4.16	0.240362461538	0.237784615385	0.194184	0.134910153846
4.17	0.239758426859	0.237174330935	0.202202398082	0.129962052758
4.18	0.239232	0.23699276555	0.188259674641	0.135276401914
4.19	0.238637670644	0.237426252983	0.202734128878	0.139681145585
4.2	0.237967085714	0.236888228571	0.199541485714	0.133877485714
4.21	0.235376950119	0.232767087886	0.197678821853	0.132298489311
4.22	0.236686407583	0.235996208531	0.194204966825	0.145876777251
4.23	0.236381049645	0.236346099291	0.210724312057	0.122675895981
4.24	0.235044679245	0.231739622642	0.19360890566	0.136570415094
4.25	0.234597797647	0.234961468235	0.207579708235	0.141312
4.26	0.234005633803	0.233578366197	0.207349633803	0.150909446009
4.27	0.232895700234	0.231254332553	0.203570360656	0.151003278689
4.28	0.233255925234	0.231835514019	0.204431551402	0.15153928972
4.29	0.2326155338	0.231837538462	0.206532923077	0.1536
4.3	0.231675683721	0.229514567442	0.19354135814	0.150392706977
4.31	0.231826116009	0.23122724826	0.201412009281	0.144662422274
4.32	0.231476148148	0.230603111111	0.204973481481	0.147703111111
4.33	0.230686152425	0.228746937644	0.183428877598	0.147584147806
4.34	0.230393511521	0.229298580645	0.202638746544	0.147022451613
4.35	0.229244174713	0.22838422069	0.19626902069	0.153614712644
4.36	0.229357651376	0.228394715596	0.18765666055	0.150274348624
4.37	0.227848201373	0.225711157895	0.204573144165	0.143124942792
4.38	0.227654575342	0.226171178082	0.199893187215	0.150230356164
4.39	0.227601494305	0.227743198178	0.203995845103	0.141353986333
4.4	0.227132945455	0.225788945455	0.198079418182	0.1474064
4.41	0.226699319728	0.223953414966	0.19866122449	0.13891570068
4.42	0.22610519457	0.224262226244	0.195070262443	0.153046733032
4.43	0.225728433409	0.224920993228	0.197637056433	0.139408902935
4.44	0.225148972973	0.224108972973	0.196294918919	0.143494198198
4.45	0.223163541573	0.224427865169	0.194813698876	0.144895280899
4.46	0.224132591928	0.223856502242	0.200444986547	0.143066690583
4.47	0.223070926174	0.223699328859	0.196745449664	0.15355704698
4.48	0.223214142857	0.220762714286	0.200585142857	0.152210714286
4.49	0.222220971047	0.222685077951	0.195246895323	0.150660703786
4.5	0.222210702222	0.221242453333	0.188629902222	0.143919786667
4.51	0.221626039911	0.220310421286	0.198910722838	0.158217507761
4.52	0.22123539823	0.220355256637	0.19166739823	0.136633061947
4.53	0.220567452539	0.220557139073	0.191244291391	0.146490066225
4.54	0.21953353304	0.219739770925	0.186279330396	0.153148898678
4.55	0.2196992	0.219685134066	0.191675217582	0.146456756044
4.56	0.219210526316	0.218776	0.191754526316	0.143270736842
4.57	0.21867497593	0.218009487965	0.197408350109	0.14642121663
4.58	0.218295336245	0.2168	0.193100436681	0.145699074236
4.59	0.217837594771	0.21785362963	0.200978962963	0.154335511983
4.6	0.217317704348	0.216906991304	0.185469078261	0.144260869565
4.61	0.21633318872	0.215051661605	0.201339696312	0.151396928416
4.62	0.216182025974	0.214488519481	0.189631168831	0.157018181818
4.63	0.215761555076	0.213500682505	0.192176241901	0.152253511879
4.64	0.215384689655	0.212617241379	0.189537103448	0.151362206897
4.65	0.214993066667	0.211704292473	0.198193548387	0.15743876129
4.66	0.214513167382	0.214288892704	0.194760515021	0.152572154506
4.67	0.21412166167	0.21222454818	0.185885601713	0.150763169165
4.68	0.213526290598	0.213456410256	0.197492512821	0.152835692308
4.69	0.213210882729	0.212643070362	0.186075428571	0.155209688699
4.7	0.211850348936	0.212242519149	0.195605106383	0.159062604255
4.71	0.212074530786	0.210324789809	0.194801732484	0.150586700637
4.72	0.211161491525	0.211848	0.196189830508	0.147495457627
4.73	0.210992169133	0.209896186047	0.192792761099	0.156685530655
4.74	0.210619274262	0.206299274262	0.188932860759	0.143480303797
4.75	0.210519713684	0.210253473684	0.19065856	0.150583376842
4.76	0.210053781513	0.208921142857	0.189105882353	0.163121882353
4.77	0.209469719078	0.208532528302	0.180756930818	0.153478037736
4.78	0.209121338912	0.20701134728	0.184906979079	0.154705405858
4.79	0.208663515658	0.207733578288	0.191452192067	0.151094914405
4.8	0.208290133333	0.2081792	0.1868932	0.1514788
4.81	0.207630769231	0.207852174636	0.193759534304	0.153059259875
4.82	0.207466755187	0.20679953527	0.185689626556	0.145165145228
4.83	0.207030857143	0.206771014493	0.17522484472	0.162924521739
4.84	0.20580707438	0.205235834711	0.183507570248	0.158371438017
4.85	0.205741657732	0.204918235052	0.189273204124	0.158044898969
4.86	0.205318320988	0.205221925926	0.191937316872	0.150976131687
4.87	0.20518689117	0.203719622177	0.188777002053	0.153510110883
4.88	0.203783737705	0.203948065574	0.184868065574	0.148824131148
4.89	0.204278969325	0.203391214724	0.191594797546	0.149880932515
4.9	0.204080457143	0.204075232653	0.193546971429	0.154358987755
4.91	0.203623755601	0.200772171079	0.189471283096	0.152095674134
4.92	0.2032	0.20215102439	0.180305691057	0.161873691057
4.93	0.202552989858	0.202029565923	0.188008892495	0.146462507099
4.94	0.201757538462	0.202200615385	0.174656647773	0.154379789474
4.95	0.201213284848	0.201368436364	0.179859911111	0.157013333333
4.96	0.201575612903	0.20039883871	0.178416	0.155932258065
4.97	0.200872305835	0.200443750503	0.187098784708	0.154073239437
4.98	0.200774297189	0.200136995984	0.186637879518	0.160212819277
4.99	0.199640368737	0.199243286573	0.186602452906	0.14933406012
5.0	0.199860608	0.199475712	0.181223808	0.1483872
5.01	0.199500646707	0.197132646707	0.185264670659	0.155584
5.02	0.199161880478	0.195254055777	0.179412143426	0.14665638247
5.03	0.196488270378	0.197585176938	0.178449304175	0.16101471173
5.04	0.19801447619	0.19747352381	0.181122412698	0.153608126984
5.05	0.197532641584	0.197998384158	0.185284562376	0.15698870495
5.06	0.197529296443	0.195926513834	0.185629849802	0.151026213439
5.07	0.197159763314	0.196637664694	0.179770067061	0.156799242604
5.08	0.196813984252	0.19580711811	0.183543307087	0.157482708661
5.09	0.196011001965	0.194272817289	0.181323819253	0.157593901768
5.1	0.195039247059	0.192494305882	0.179905129412	0.153425694118
5.11	0.192367091977	0.193061448141	0.177704454012	0.151354990215
5.12	0.195311375	0.194277375	0.177167375	0.145226375
5.13	0.194910690058	0.193782019493	0.180168608187	0.156503703704
5.14	0.194540077821	0.194497618677	0.178235766537	0.153671097276
5.15	0.19415375534	0.194166803883	0.181999968932	0.152225429126
5.16	0.193793984496	0.193686821705	0.178343069767	0.155317953488
5.17	0.19334622824	0.193383489362	0.181907930368	0.156384185687
5.18	0.192703135135	0.192027057915	0.183976401544	0.151773405405
5.19	0.192567244701	0.192543938343	0.18401849711	0.151907514451
5.2	0.191052184615	0.190976492308	0.182450584615	0.147109415385
5.21	0.191689827255	0.190314011516	0.172185673704	0.151041351248
5.22	0.191264367816	0.190599724138	0.177397701149	0.15555383908
5.23	0.191155640535	0.188840260038	0.175695785851	0.152691885277
5.24	0.190836641221	0.190763358779	0.172071572519	0.148467664122
5.25	0.190250788571	0.190171428571	0.181054902857	0.152383268571
5.26	0.190090220532	0.189106494297	0.183105703422	0.151821019011
5.27	0.189694542694	0.189735833017	0.180965647059	0.148900189753
5.28	0.189261939394	0.189114666667	0.175952848485	0.155216848485
5.29	0.18858573913	0.189018495274	0.176335606805	0.145045413989
5.3	0.187886973585	0.1886208	0.175046520755	0.14491725283
5.31	0.188322832392	0.187814689266	0.174797740113	0.152129084746
5.32	0.187632	0.187492451128	0.175027488722	0.154432
5.33	0.187529726079	0.18704558349	0.171795091932	0.150230213884
5.34	0.187253932584	0.187101842697	0.174993258427	0.158018157303
5.35	0.186872702804	0.185968328972	0.175860515888	0.14993513271
5.36	0.186555223881	0.184847761194	0.176732059701	0.151749253731
5.37	0.186212111732	0.184416655493	0.177976134078	0.152488759777
5.38	0.185835063197	0.185719434944	0.175591256506	0.15383066171
5.39	0.185522938776	0.181552326531	0.174555428571	0.15280148423
5.4	0.184203733333	0.185180918519	0.174871111111	0.147217066667
5.41	0.184839926063	0.183636110906	0.172038033272	0.147478713494
5.42	0.184454612546	0.184484841328	0.17557195572	0.157859778598
5.43	0.18404879558	0.184162062615	0.176316581952	0.156551779006
5.44	0.183744	0.183785411765	0.172001294118	0.150651647059
5.45	0.182696631193	0.183459816514	0.176205387156	0.152822488073
5.46	0.183133304029	0.182490842491	0.169758945055	0.146914461538
5.47	0.182812431444	0.182208819013	0.176733133455	0.149201199269
5.48	0.182396613139	0.181925722628	0.17352070073	0.153401343066
5.49	0.181943723133	0.181365508197	0.170360772313	0.154840830601
5.5	0.181326545455	0.181356334545	0.175171374545	0.151314152727
5.51	0.181409684211	0.181353931034	0.172251295826	0.152566127042
5.52	0.181152	0.180654376812	0.169361043478	0.155765333333
5.53	0.180809142857	0.179354039783	0.170415913201	0.141360607595
5.54	0.180408259928	0.179548765343	0.173851263538	0.148906397112
5.55	0.180022313514	0.180119178378	0.172203935135	0.147297326126
5.56	0.17945542446	0.179633266187	0.17140247482	0.148008517986
5.57	0.179159899461	0.179408086176	0.172748409336	0.152616904847
5.58	0.179121548387	0.179209634409	0.170090437276	0.153333333333
5.59	0.178478711986	0.178679184258	0.169850618962	0.155706618962
5.6	0.1785696	0.178297028571	0.168285714286	0.154072114286
5.61	0.178243878788	0.177856	0.170600385027	0.153266424242
5.62	0.177811928826	0.177913622776	0.169938790036	0.149008854093
5.63	0.177409705151	0.17529531794	0.170962529307	0.15480451865
5.64	0.177104794326	0.17632351773	0.169032624113	0.145549957447
5.65	0.176958414159	0.176844346903	0.168486966372	0.148217656637
5.66	0.176675618375	0.175679321555	0.165741795053	0.145512367491
5.67	0.176341446208	0.175860148148	0.167706074074	0.153408
5.68	0.175535323944	0.176045070423	0.168497915493	0.146864112676
5.69	0.175745912127	0.175418938489	0.165488478032	0.149723894552
5.7	0.175406147368	0.175409852632	0.165467621053	0.14924474386
5.71	0.174686486865	0.17511778634	0.170046206655	0.147445576182
5.72	0.174796531469	0.174760727273	0.169984447552	0.152568839161
5.73	0.174444565445	0.174169801047	0.167370722513	0.145354722513
5.74	0.174190940767	0.172473867596	0.167079135889	0.148526829268
5.75	0.173911262609	0.173901913043	0.16512434087	0.14953472
5.76	0.173467111111	0.173589333333	0.166386111111	0.148752333333
5.77	0.173306232236	0.173054668977	0.166433164645	0.145580589255
5.78	0.172570906574	0.172935529412	0.168885923875	0.145659903114
5.79	0.172169948187	0.171446051813	0.164045595855	0.147031544041
5.8	0.172397903448	0.17235542069	0.164309958621	0.151051034483
5.81	0.172017900172	0.172072977625	0.160907566265	0.148298795181
5.82	0.17165404811	0.171312824742	0.164157140893	0.151108618557
5.83	0.17135961578	0.171206476844	0.166592768439	0.142636679245
5.84	0.171158794521	0.170070246575	0.164438246575	0.148144547945
5.85	0.170609230769	0.170341087179	0.16319934359	0.151549702564
5.86	0.170082293515	0.169763822526	0.163985365188	0.147236150171
5.87	0.170239018739	0.169760708688	0.165457553663	0.143750759796
5.88	0.169608163265	0.16990247619	0.164606693878	0.147929142857
5.89	0.169772332767	0.168879483871	0.160891436333	0.151868414261
5.9	0.1694784	0.169060989831	0.163138820339	0.143764718644
5.91	0.168965522843	0.168327580372	0.161827844332	0.14629035533
5.92	0.168883891892	0.168737189189	0.164060108108	0.145643675676
5.93	0.167740330523	0.168135015177	0.159178037099	0.139563062395
5.94	0.168282828283	0.168302653199	0.163135353535	0.147680107744
5.95	0.168032376471	0.167569855462	0.162766090756	0.147713613445
5.96	0.167537825503	0.16770695302	0.161905395973	0.139083060403
5.97	0.167497326633	0.16739441206	0.162315577889	0.146655303183
5.98	0.167100361204	0.166521899666	0.163112668896	0.152572575251
5.99	0.166656	0.166633348915	0.161341863105	0.142225202003
6.0	0.166665706667	0.166504426667	0.163656106667	0.150024
6.01	0.166305863561	0.166173710483	0.160204352745	0.15019234609
6.02	0.166097647841	0.165836438538	0.15941517608	0.140063787375
6.03	0.165480437811	0.165572139303	0.161289658375	0.145102328358
6.04	0.164901615894	0.165454410596	0.160198675497	0.144768317881
6.05	0.16510265124	0.165238056198	0.161510505785	0.145820456198
6.06	0.165014811881	0.164965386139	0.159283009901	0.149685966997
6.07	0.164740850082	0.163537502471	0.160313673806	0.139014326194
6.08	0.164396947368	0.164422736842	0.162722	0.146865157895
6.09	0.163066955665	0.16417670936	0.153842128079	0.142542817734
6.1	0.163934321311	0.163927711475	0.15965335082	0.1420224
6.11	0.163012399345	0.163522723404	0.158076752864	0.144117944354
6.12	0.163368470588	0.163316705882	0.156914928105	0.145647686275
6.13	0.163086094617	0.163094446982	0.152574329527	0.142550238173
6.14	0.162584599349	0.162682579805	0.156088599349	0.140425172638
6.15	0.162591219512	0.162062152846	0.156706965854	0.141434692683
6.16	0.161569246753	0.16215438961	0.158181818182	0.147335064935
6.17	0.162074139384	0.160995371151	0.159146943274	0.147950884927
6.18	0.161670524272	0.160857889968	0.157586640777	0.148166317152
6.19	0.161509531502	0.161127392569	0.156270009693	0.138321059774
6.2	0.161149006452	0.160338993548	0.157161290323	0.14264516129
6.21	0.161029668277	0.161026885668	0.155997062802	0.140161030596
6.22	0.160581453376	0.160638353698	0.157727691318	0.145201697749
6.23	0.160493508828	0.159586516854	0.154144359551	0.141958266453
6.24	0.160256	0.160252717949	0.158129641026	0.141380410256
6.25	0.1597231104	0.15852544	0.1540030464	0.1456766976
6.26	0.159724370607	0.159664255591	0.15650515016	0.142809047923
6.27	0.15944461882	0.159371636364	0.155030966507	0.139728229665
6.28	0.158692585987	0.159038369427	0.151970547771	0.143972585987
6.29	0.158738213037	0.15891372973	0.156041971383	0.13865218442
6.3	0.158725180952	0.158314057143	0.155177752381	0.144520533333
6.31	0.158445743265	0.158474954041	0.153434776545	0.137110009509
6.32	0.158227443038	0.157745721519	0.153281924051	0.13862278481
6.33	0.157763943128	0.157637763033	0.150877725118	0.144136492891
6.34	0.157714170347	0.157723760252	0.152295369085	0.14405814511
6.35	0.157454513386	0.157285190551	0.150977914961	0.140702840945
6.36	0.15679436478	0.157010415094	0.15266727044	0.144407647799
6.37	0.156983359498	0.156889318681	0.150605563579	0.139848640502
6.38	0.156682031348	0.155853442006	0.153118495298	0.134580564263
6.39	0.156273276995	0.155452494523	0.151950522692	0.142410015649
6.4	0.1559584	0.1550836	0.1531875	0.1383571
6.41	0.15573626209	0.155927962559	0.153482084243	0.136500318253
6.42	0.155762841121	0.155595663551	0.151450317757	0.144374429907
6.43	0.155472821151	0.155518506998	0.151927838258	0.138130115086
6.44	0.155278608696	0.155128347826	0.150979975155	0.141453018634
6.45	0.154846660465	0.154971683721	0.148018009302	0.138602269767
6.46	0.154798365325	0.154721089783	0.151624421053	0.140792470588
6.47	0.15455792272	0.153609496136	0.151633112828	0.141163622875
6.48	0.154154962963	0.15387762963	0.148440888889	0.135888987654
6.49	0.154073343606	0.154071272727	0.152094767334	0.138619069337
6.5	0.153514929231	0.153548307692	0.150933267692	0.138170978462
6.51	0.153608258065	0.153581419355	0.151155612903	0.139784946237
6.52	0.153239852761	0.153098503067	0.147673030675	0.136058895706
6.53	0.153136906585	0.152774664625	0.146915381317	0.136014799387
6.54	0.152833859327	0.152724256881	0.148990825688	0.138996550459
6.55	0.152646741985	0.152552061069	0.1491072	0.137810076336
6.56	0.152351219512	0.151539902439	0.147630829268	0.137751804878
6.57	0.152178849315	0.152175439878	0.148727330289	0.138361863014
6.58	0.151969458967	0.150528	0.147182103343	0.13641337386
6.59	0.151573754173	0.151461875569	0.148239150228	0.136515593323
6.6	0.151409551515	0.151188945455	0.147156945455	0.140040145455
6.61	0.150913742814	0.151274214826	0.148252562784	0.134368629349
6.62	0.15039139577	0.150902719033	0.147890175227	0.138666924471
6.63	0.150790950226	0.150704458522	0.146968325792	0.13803960181
6.64	0.150590746988	0.150602313253	0.145894843373	0.141038554217
6.65	0.150372475188	0.149728818045	0.145927218045	0.1405824
6.66	0.150149765766	0.150003987988	0.146717501502	0.136346810811
6.67	0.149924653673	0.14971307946	0.146918956522	0.138103652174
6.68	0.149700215569	0.149344095808	0.145829844311	0.142767808383
6.69	0.149407091181	0.149378869955	0.144719497758	0.137891396114
6.7	0.149167761194	0.149229277612	0.146193098507	0.138661349254
6.71	0.149009836066	0.149012602086	0.144825037258	0.133153955291
6.72	0.148759142857	0.148788095238	0.142952	0.135630095238
6.73	0.148560927192	0.147559845468	0.145298448737	0.137400392273
6.74	0.148091062315	0.148321994065	0.144976047478	0.132715869436
6.75	0.147850808889	0.148138666667	0.144542814815	0.134167134815
6.76	0.147410556213	0.14791043787	0.14309339645	0.137867360947
6.77	0.14767267356	0.147664732644	0.142310570162	0.134059675037
6.78	0.14734159292	0.147462041298	0.143716814159	0.132009439528
6.79	0.147166444772	0.147254197349	0.143617413844	0.134301879234
6.8	0.146900611765	0.147	0.144370729412	0.132225035294
6.81	0.146793162996	0.146829345081	0.144756440529	0.135786290749
6.82	0.146626721408	0.146603542522	0.142449642229	0.128211237537
6.83	0.146367531479	0.145782816984	0.142201440703	0.131043045388
6.84	0.146165052632	0.146177777778	0.143921777778	0.136497403509
6.85	0.145955129927	0.145565991241	0.142958248175	0.134010954745
6.86	0.145763265306	0.145714285714	0.142510180758	0.135427265306
6.87	0.145476564774	0.145103930131	0.143054812227	0.139067621543
6.88	0.14533544186	0.145318697674	0.140639534884	0.13757944186
6.89	0.144966130624	0.145116981132	0.14257825254	0.132626856313
6.9	0.144756034783	0.144713831884	0.143135443478	0.131604313043
6.91	0.144713261939	0.144672972504	0.142716387844	0.127432798842
6.92	0.144507190751	0.144238982659	0.140113387283	0.13343667052
6.93	0.144199572872	0.144251290043	0.143320380952	0.131520092352
6.94	0.144086317003	0.143813256484	0.141137429395	0.130775792507
6.95	0.143765548201	0.143848057554	0.140967228777	0.135707257554
6.96	0.143347126437	0.143448275862	0.139813793103	0.133724965517
6.97	0.143242467719	0.143034857963	0.142497882353	0.129790898135
6.98	0.142764378223	0.143134074499	0.14128513467	0.135974876791
6.99	0.142867776824	0.142989733906	0.138343553648	0.131195422031
7.0	0.142795337143	0.142703451429	0.139894857143	0.13006848
7.01	0.142647509272	0.142231189729	0.139728068474	0.132831132668
7.02	0.142296888889	0.142449321937	0.139593937322	0.133745321937
7.03	0.142244233286	0.142224204836	0.14093655761	0.132453234708
7.04	0.141892636364	0.142009090909	0.139418181818	0.135019636364
7.05	0.141751012766	0.141839523404	0.138248987234	0.131716902128
7.06	0.14163725779	0.141223886686	0.138124963173	0.134124056657
7.07	0.141344135785	0.141427417256	0.136570387553	0.133457742574
7.08	0.140959457627	0.141199186441	0.137406915254	0.132555932203
7.09	0.141032801128	0.140718758815	0.137646397743	0.132029923836
7.1	0.140582219718	0.140686061972	0.137989047887	0.130240090141
7.11	0.140642565401	0.140354520394	0.136408303797	0.133790064698
7.12	0.140215640449	0.14027541573	0.138976719101	0.128010426966
7.13	0.140223371669	0.140062518934	0.139918451613	0.129630429173
7.14	0.140051630252	0.140051630252	0.136647619048	0.131717647059
7.15	0.139857902098	0.139694634965	0.137212061538	0.130463686713
7.16	0.139321206704	0.139548960894	0.137260692737	0.126208357542
7.17	0.139468585774	0.139449930265	0.138007564854	0.129808334728
7.18	0.138965481894	0.139268545961	0.136483208914	0.131882428969
7.19	0.139017168289	0.13891747427	0.136687977747	0.126228650904
7.2	0.138885688889	0.13888	0.135080088889	0.127496533333
7.21	0.138683472954	0.138691905687	0.137418030513	0.130707350902
7.22	0.138453096953	0.138106238227	0.136666060942	0.132042105263
7.23	0.138197864454	0.138289925311	0.135931751037	0.128259452282
7.24	0.137917878453	0.13804720442	0.135772906077	0.130112618785
7.25	0.137719084138	0.137834902069	0.134539828966	0.133138626207
7.26	0.137562534435	0.137464595041	0.134319867769	0.130730666667
7.27	0.137132456671	0.137285281981	0.135125744154	0.129522618982
7.28	0.137228923077	0.137345406593	0.133775472527	0.129815472527
7.29	0.137019347051	0.136963423868	0.135172477366	0.126905766804
7.3	0.136971484932	0.136556712329	0.1353408	0.126671868493
7.31	0.136784109439	0.136658823529	0.135538166895	0.128971731874
7.32	0.13646504918	0.136337836066	0.134696918033	0.12697495082
7.33	0.136400414734	0.136347066849	0.135499350614	0.128619830832
7.34	0.136155989101	0.13621746049	0.133287760218	0.126278452316
7.35	0.135928685714	0.136019591837	0.133326454422	0.125509311565
7.36	0.135864	0.135513391304	0.132925565217	0.130347478261
7.37	0.135476710991	0.134672325645	0.132680944369	0.124986616011
7.38	0.134814439024	0.135433365854	0.132935804878	0.128308379404
7.39	0.135292968877	0.135312454668	0.133668719892	0.127627258457
7.4	0.135035156757	0.134910183784	0.132780540541	0.125716756757
7.41	0.134858709852	0.134914677463	0.132658008097	0.127538008097
7.42	0.134611407008	0.134611407008	0.133245153639	0.128850113208
7.43	0.134583989233	0.134511978466	0.132070761777	0.127042497981
7.44	0.13412911828	0.134403096774	0.132151053763	0.121591741935
7.45	0.134046410738	0.133782851007	0.131832354362	0.124873020134
7.46	0.134006734584	0.134044053619	0.132972096515	0.128023592493
7.47	0.13290615261	0.133786473896	0.132307362784	0.124651437751
7.48	0.133689754011	0.133585026738	0.131815700535	0.126788791444
7.49	0.133280299065	0.133509212283	0.131458477971	0.124596720961
7.5	0.133316608	0.1329728	0.131978581333	0.123526741333
7.51	0.132907291611	0.132888543276	0.130143786951	0.126038157124
7.52	0.132976595745	0.13295412766	0.132651574468	0.126589276596
7.53	0.132349195219	0.132485864542	0.13125312085	0.124475410359
7.54	0.132503427056	0.13255461008	0.130287023873	0.125289251989
7.55	0.132278675497	0.13220314702	0.13071690596	0.125370405298
7.56	0.131928380952	0.132241269841	0.130639492063	0.122373417989
7.57	0.132094985469	0.132063112285	0.130736782034	0.12542469749
7.58	0.131822691293	0.131895641161	0.130454965699	0.126085994723
7.59	0.131665960474	0.131660479578	0.130786909091	0.123063736495
7.6	0.131578863158	0.131530442105	0.129975242105	0.125575663158
7.61	0.131361555848	0.131389561104	0.129873324573	0.123324047306
7.62	0.131176818898	0.131231496063	0.128039895013	0.122252682415
7.63	0.13097025426	0.131053211009	0.127362516383	0.123958605505
7.64	0.130887958115	0.130819602094	0.128636984293	0.123941863874
7.65	0.130616470588	0.12977894902	0.129473756863	0.124620130719
7.66	0.130295561358	0.130526913838	0.129242819843	0.121171801567
7.67	0.130302998696	0.130003525424	0.128946148631	0.12406779661
7.68	0.130160333333	0.13019425	0.12820625	0.12435625
7.69	0.130036015605	0.130027027308	0.127342522757	0.122747172952
7.7	0.129868051948	0.129645381818	0.12670961039	0.125318981818
7.71	0.129680435798	0.129058863813	0.127681577173	0.121254599222
7.72	0.129512455959	0.129054839378	0.126250694301	0.122270176166
7.73	0.1292058163	0.129310137128	0.126973350582	0.121664165589
7.74	0.129085767442	0.129138687339	0.127801550388	0.123737550388
7.75	0.128919205161	0.12880896	0.127803127742	0.119316727742
7.76	0.128588536082	0.128764948454	0.127131958763	0.120154639175
7.77	0.128625997426	0.128660262548	0.127859891892	0.12098751094
7.78	0.128534622108	0.128143053985	0.126185213368	0.123143568123
7.79	0.12836896534	0.128351219512	0.124536605905	0.119851378691
7.8	0.128175507692	0.12817854359	0.125457312821	0.120522174359
7.81	0.127909859155	0.127957060179	0.126719262484	0.12031762356
7.82	0.12786340665	0.127498803069	0.125755826087	0.119072409207
7.83	0.127569736909	0.12765433461	0.124763218391	0.122767530013
7.84	0.127518367347	0.127276408163	0.126684979592	0.120155020408
7.85	0.127324616561	0.12687971465	0.125554140127	0.122292993631
7.86	0.127223531807	0.127216610687	0.12549080916	0.118888549618
7.87	0.127064477764	0.12699641169	0.125913209657	0.120914866582
7.88	0.126396670051	0.126885279188	0.125734010152	0.115964345178
7.89	0.126612927757	0.126740684411	0.123721247148	0.121259315589
7.9	0.126363220253	0.126089397468	0.125296121519	0.122872222785
7.91	0.126305415929	0.126037036662	0.124056353982	0.119428692794
7.92	0.126261333333	0.125770989899	0.126139717172	0.120587878788
7.93	0.125961039092	0.125831909206	0.123281190416	0.119316015132
7.94	0.125700755668	0.125934831234	0.124082297229	0.119305269521
7.95	0.12558490566	0.125768050314	0.124446510692	0.119429554717
7.96	0.125550874372	0.12553519598	0.124450974874	0.119279517588
7.97	0.125470193225	0.125244948557	0.123782183187	0.119873846926
7.98	0.125313203008	0.125284330827	0.12336152381	0.117556210526
7.99	0.125058322904	0.124858392991	0.124493136421	0.119741677096
8.0	0.12485208	0.12491808	0.12408408	0.118038
8.01	0.124667445693	0.124843945069	0.124092164794	0.119810157303
8.02	0.124687002494	0.124596029925	0.12298725187	0.116669206983
8.03	0.124429708593	0.12419626401	0.123687452055	0.119268821918
8.04	0.123789373134	0.124377393035	0.121799004975	0.118092656716
8.05	0.124197843478	0.124181545342	0.122505619876	0.119757992547
8.06	0.124069399504	0.12379307196	0.122036724566	0.114782014888
8.07	0.123807167286	0.123154081784	0.122903078067	0.116538289963
8.08	0.123762376238	0.123748990099	0.120992554455	0.117772277228
8.09	0.123596024722	0.123512484549	0.122230981459	0.11718368356
8.1	0.123428266667	0.123282251852	0.122375190123	0.118636325926
8.11	0.123171906289	0.123144759556	0.121779847102	0.11788752651
8.12	0.123127172414	0.122660807882	0.121960275862	0.116884807882
8.13	0.122955886839	0.122987926199	0.121867650677	0.116607134071
8.14	0.122838800983	0.122742486486	0.121480176904	0.118471076167
8.15	0.12264630184	0.122623921472	0.120739023313	0.116231146012
8.16	0.122463607843	0.122531372549	0.121456941176	0.116178431373
8.17	0.122328518972	0.122285904529	0.120468132191	0.118326834761
8.18	0.122083833741	0.12223992176	0.120823471883	0.113729095355
8.19	0.122065660562	0.121948835165	0.120879120879	0.117018803419
8.2	0.121413541463	0.121706458537	0.119365931707	0.119251043902
8.21	0.121802601705	0.12165854324	0.120001637028	0.11564737637
8.22	0.121641343066	0.121304992701	0.120256467153	0.11757150365
8.23	0.121454114216	0.12150637181	0.120151718104	0.116209302552
8.24	0.12121561165	0.121357980583	0.119836893204	0.115269902913
8.25	0.121132683636	0.121122443636	0.120186181818	0.116324770909
8.26	0.121064677966	0.120947525424	0.120259254237	0.118297646489
8.27	0.120881528416	0.120853900846	0.119709794438	0.113385712213
8.28	0.120693797101	0.120732057971	0.119385043478	0.116963555556
8.29	0.120622320869	0.120562335344	0.119157037394	0.118098065139
8.3	0.120475681928	0.120421474699	0.119296308434	0.116223614458
8.31	0.120302979543	0.120059687124	0.119282676294	0.11619165343
8.32	0.120103384615	0.120063	0.119662384615	0.115575
8.33	0.119959202881	0.11987830012	0.119815606242	0.115948254502
8.34	0.119876374101	0.119903386091	0.119268604317	0.114351194245
8.35	0.119700388024	0.119758562874	0.11746651976	0.11545531018
8.36	0.119557205742	0.119341626794	0.117245856459	0.113000114833
8.37	0.119199044205	0.119474007168	0.118101333333	0.114185405018
8.38	0.119298062053	0.119074825776	0.117939856802	0.115078109785
8.39	0.119111399285	0.119167466031	0.117840171633	0.115083747318
8.4	0.119047542857	0.119028114286	0.116897219048	0.114015314286
8.41	0.118842064209	0.118369103448	0.117697902497	0.115053507729
8.42	0.118753900238	0.11839239905	0.117338223278	0.115507914489
8.43	0.118572640569	0.118623886121	0.116892925267	0.112629295374
8.44	0.118428132701	0.118477270142	0.117336189573	0.115658843602
8.45	0.118341983432	0.118342513609	0.117600871006	0.115666253254
8.46	0.118178799054	0.118105267139	0.116824586288	0.113989900709
8.47	0.117410229044	0.118023782763	0.116666181818	0.112266049587
8.48	0.117803773585	0.11792445283	0.117392	0.113431245283
8.49	0.117713187279	0.11774575265	0.116890007067	0.11174829682
8.5	0.117613854118	0.117543981176	0.115496583529	0.113732969412
8.51	0.117356521739	0.116598824912	0.116425851939	0.11258013631
8.52	0.117361802817	0.117225464789	0.116815323944	0.113044131455
8.53	0.117186400938	0.117074532239	0.115336478312	0.111392937866
8.54	0.116937442623	0.117095943794	0.116628309133	0.11222295082
8.55	0.116919466667	0.116845211696	0.11506668538	0.112825263158
8.56	0.116671028037	0.11682235514	0.11583364486	0.112622878505
8.57	0.116684919487	0.11629897783	0.115592737456	0.110997358226
8.58	0.116491636364	0.116163431235	0.114213221445	0.110990843823
8.59	0.116399832363	0.116401844005	0.11552923865	0.11222955064
8.6	0.11616	0.116093023256	0.115260353488	0.109758809302
8.61	0.11594302439	0.116097560976	0.11551487108	0.111272585366
8.62	0.116001856148	0.115942459397	0.114992928074	0.10923775406
8.63	0.115820792584	0.115862322132	0.115561529548	0.112510294322
8.64	0.115724074074	0.115633777778	0.113260074074	0.112348444444
8.65	0.115585553757	0.115436467052	0.11454150289	0.109427347977
8.66	0.115462799076	0.115415501155	0.114579214781	0.111831205543
8.67	0.115339958478	0.11526466436	0.114205231834	0.111928027682
8.68	0.115204718894	0.114723612903	0.113366709677	0.11045043318
8.69	0.115074504028	0.115070085155	0.113328165708	0.110096202532
8.7	0.114933627586	0.114941866667	0.114100303448	0.11125142069
8.71	0.11476089093	0.114709970149	0.114188638347	0.112073552239
8.72	0.114495412844	0.114578422018	0.114057688073	0.108117357798
8.73	0.114485883162	0.11443024055	0.112831413517	0.109743065292
8.74	0.114218471396	0.114233409611	0.113001665904	0.110936457666
8.75	0.114285641143	0.114283081143	0.111532909714	0.110142610286
8.76	0.114131579909	0.113993863014	0.113349771689	0.111203579909
8.77	0.114022458381	0.113983051311	0.112511854048	0.109167507412
8.78	0.113889312073	0.113871599089	0.112897384966	0.108342523918
8.79	0.113751372014	0.113494716724	0.113467412969	0.108729447099
8.8	0.113631709091	0.113636072727	0.111774545455	0.109341890909
8.81	0.113506215664	0.11329554597	0.113087782066	0.108250733258
8.82	0.113369904762	0.112351129252	0.112484643991	0.108951727891
8.83	0.113249993205	0.113249993205	0.112308330691	0.106329802945
8.84	0.112975565611	0.11292640724	0.110879565611	0.108488036199
8.85	0.112707326554	0.112751077966	0.111695837288	0.107992298305
8.86	0.112858076749	0.112852659142	0.111451015801	0.110286519187
8.87	0.11273372717	0.112646060879	0.111345497182	0.108922660654
8.88	0.112583783784	0.112608	0.111179747748	0.106082810811
8.89	0.112313088864	0.112387383577	0.110972328459	0.109460517435
8.9	0.112276422472	0.112357752809	0.110990094382	0.108654094382
8.91	0.112204713805	0.112173037037	0.111891465769	0.110325010101
8.92	0.111962331839	0.112084376682	0.11144638565	0.109490152466
8.93	0.111889200448	0.111950477044	0.111362221725	0.108289075028
8.94	0.111736483221	0.111822174497	0.11047366443	0.108516796421
8.95	0.111731557542	0.11152332514	0.111202967598	0.106363280447
8.96	0.111575642857	0.111276857143	0.111216	0.107795642857
8.97	0.111481578595	0.111482434783	0.110555469342	0.108825043478
8.98	0.111348311804	0.111057461024	0.110366218263	0.107750556793
8.99	0.111027114572	0.111084066741	0.110209566185	0.106785317019
9.0	0.110991573333	0.110933333333	0.109402666667	0.107511111111
9.01	0.110984310766	0.110915054384	0.110824133185	0.108002663707
9.02	0.110827210643	0.110564966741	0.109493853659	0.108540239468
9.03	0.110669395349	0.110486821705	0.109598830565	0.107963393134
9.04	0.110522548673	0.110618336283	0.10947759292	0.10654159292
9.05	0.110400424309	0.110483376796	0.109302099448	0.10685319779
9.06	0.110354860927	0.110361430464	0.109424741722	0.107716662252
9.07	0.110241658214	0.109368449835	0.109237486218	0.10809261301
9.08	0.109825127753	0.110068722467	0.109468969163	0.107451982379
9.09	0.110010719472	0.109959674367	0.109375577558	0.106056308031
9.1	0.109564905495	0.109867323077	0.108791208791	0.107661784615
9.11	0.109769413831	0.109444636663	0.108146371021	0.107098133919
9.12	0.109649122807	0.109645684211	0.108132701754	0.106159368421
9.13	0.109528744797	0.109309196057	0.107620591457	0.106378514786
9.14	0.109393435449	0.109291483589	0.108816525164	0.106350564551
9.15	0.108966190164	0.109121678689	0.10879608306	0.105227121311
9.16	0.109107423581	0.109160244541	0.10826228821	0.103692576419
9.17	0.10904678735	0.109045600872	0.108112122137	0.105294726281
9.18	0.108851869281	0.10875112854	0.107011346405	0.106389124183
9.19	0.108755360174	0.108472687704	0.107811099021	0.105594776931
9.2	0.108687234783	0.108667826087	0.106661495652	0.1039568
9.21	0.108557550489	0.108274935939	0.107642579805	0.104641459283
9.22	0.108448138829	0.108452928416	0.10783340564	0.105847392625
9.23	0.108342084507	0.10833792416	0.108100992416	0.105077252438
9.24	0.108188467532	0.107984	0.107845818182	0.103930666667
9.25	0.108096415135	0.107708471351	0.107676298378	0.10594048
9.26	0.107717045356	0.107924941685	0.107272293737	0.105443524838
9.27	0.107702265372	0.107871482201	0.106194709817	0.101154243797
9.28	0.107631103448	0.107718896552	0.10683062069	0.105835241379
9.29	0.107639250807	0.107638217438	0.106311578041	0.103998277718
9.3	0.107521307527	0.107427509677	0.106584843011	0.104135294624
9.31	0.107327175081	0.107406986037	0.106891067669	0.104321787325
9.32	0.107088412017	0.107234334764	0.106553407725	0.102437356223
9.33	0.10717777492	0.106925890675	0.105056308682	0.105245084673
9.34	0.107058089936	0.107000531049	0.105961182013	0.104214749465
9.35	0.106491619251	0.106940303743	0.105847854545	0.10410328984
9.36	0.106591452991	0.106832068376	0.106167452991	0.102733333333
9.37	0.106698928495	0.10668424333	0.105740021345	0.10224727428
9.38	0.106609535181	0.106506029851	0.105813970149	0.105175266525
9.39	0.106392604899	0.106311974441	0.106003833866	0.103547501597
9.4	0.10637746383	0.106257089362	0.106104102128	0.104273974468
9.41	0.106245373007	0.106254622742	0.105048688629	0.103630418704
9.42	0.106127150743	0.105861163482	0.104503711253	0.103520407643
9.43	0.105919049841	0.106033068929	0.105000992577	0.10372173913
9.44	0.105925423729	0.105769423729	0.105419050847	0.103510440678
9.45	0.105763149206	0.105516088889	0.105030162963	0.102804926984
9.46	0.105552372093	0.105690926004	0.104889640592	0.103888642706
9.47	0.105471662091	0.105523024287	0.105174842661	0.101768515312
9.48	0.105360405063	0.105455459916	0.105020151899	0.104026396624
9.49	0.105362680717	0.105365917808	0.104558061117	0.103040944152
9.5	0.105230551579	0.105155368421	0.10507392	0.101052631579
9.51	0.10515004837	0.105145741325	0.103577101998	0.10309148265
9.52	0.104973176471	0.104693512605	0.104460571429	0.102765983193
9.53	0.104899290661	0.104889821616	0.104501993704	0.102633368311
9.54	0.104739622642	0.104786314465	0.10411008805	0.1024
9.55	0.104582299476	0.104454433508	0.103681608377	0.102343438743
9.56	0.104553707113	0.104130142259	0.104130142259	0.10226148954
9.57	0.104227778474	0.104406537095	0.103755903866	0.0996540188088
9.58	0.104377453027	0.104311382046	0.103675390397	0.10053611691
9.59	0.104267211679	0.104157564129	0.103698085506	0.100589781022
9.6	0.1041664	0.1037816	0.103057266667	0.1020544
9.61	0.104013252862	0.103990077003	0.103621327784	0.0992749885536
9.62	0.10394770894	0.103894153846	0.103726303534	0.10064172973
9.63	0.103782346833	0.103778292835	0.10330384216	0.102286421599
9.64	0.103699319502	0.103699319502	0.102856431535	0.0996181908714
9.65	0.10362455544	0.103597695337	0.103467705699	0.100446109845
9.66	0.103408298137	0.103408298137	0.103156869565	0.100399900621
9.67	0.103266415719	0.10304033092	0.102078080662	0.100870088935
9.68	0.103051636364	0.103288859504	0.102505785124	0.10019246281
9.69	0.103047001032	0.103180086687	0.101977560372	0.100230736842
9.7	0.102870828866	0.102814020619	0.102921171134	0.100400560825
9.71	0.102931180227	0.10288115345	0.10280838723	0.0999681318229
9.72	0.102880065844	0.102785580247	0.101979325103	0.10000454321
9.73	0.102568649538	0.102770713258	0.101859058582	0.0984978417266
9.74	0.102662833676	0.102668813142	0.100880492813	0.100170841889
9.75	0.102557538462	0.102419101538	0.101402978462	0.0993290502564
9.76	0.102456655738	0.102447934426	0.101790098361	0.0994278688525
9.77	0.102126116684	0.102325256909	0.100087877175	0.0993261003071
9.78	0.102186601227	0.102211795501	0.101871509202	0.100697521472
9.79	0.102064964249	0.102097389173	0.101961413687	0.0980264923391
9.8	0.102038465306	0.1020032	0.101653616327	0.099480555102
9.81	0.101936538226	0.101746560652	0.101746560652	0.0991142752294
9.82	0.101792260692	0.101613751527	0.101384016293	0.0990133441955
9.83	0.101560056968	0.10172933469	0.100838152594	0.0994037192269
9.84	0.101607219512	0.10157502439	0.100560390244	0.0990243902439
9.85	0.101488471066	0.101281072081	0.101167041624	0.098975577665
9.86	0.101376	0.101372559838	0.100546466531	0.0983067910751
9.87	0.101173884498	0.101316085106	0.0998386382979	0.0977968632219
9.88	0.101191190283	0.101039417004	0.100540631579	0.0985714008097
9.89	0.101102916077	0.101008695652	0.100698078868	0.0963947421638
9.9	0.100911773737	0.100955733333	0.0996320969697	0.0999674181818
9.91	0.100889509586	0.100651850656	0.10057338446	0.096675778002
9.92	0.100804129032	0.100801225806	0.0999826451613	0.0976268387097
9.93	0.10053729708	0.100697135952	0.100282070493	0.0984026747231
9.94	0.100603557344	0.100577867203	0.0993774486922	0.0982052957746
9.95	0.100502448241	0.100479292462	0.100101081407	0.0976659296482
9.96	0.100361445783	0.100298795181	0.0997330763052	0.0979582329317
9.97	0.100192994985	0.100260782347	0.0995521604814	0.0981275987964
9.98	0.100107799599	0.100138773547	0.0990489138277	0.0975837114228
9.99	0.0998991951952	0.100026042042	0.0997861861862	0.0966221261261
