0.1	0.0	-1.64135371961e-10	0.0	0.0
0.11	62.5507438017	-1.35649067736e-10	0.0	0.0
0.12	59.7006222222	-1.13982897195e-10	0.0	0.0
0.13	53.4912757396	-9.71215218702e-11	0.0	0.0
0.14	0.0	-8.37425367146e-11	0.0	0.0
0.15	0.0	-7.29490542047e-11	0.0	0.0
0.16	0.0	-6.41153796721e-11	0.0	0.0
0.17	0.0	-5.67942463531e-11	0.0	0.0
0.18	28.5784493827	-5.06590654199e-11	0.0	0.0
0.19	22.9879490305	-4.54668620389e-11	0.0	0.0
0.2	0.0	-4.10338429901e-11	0.0	0.0
0.21	17.8470893424	-3.72189052065e-11	0.0	0.0
0.22	0.0	-3.3912266934e-11	0.0	0.0
0.23	0.0	-3.10274805218e-11	0.0	0.0
0.24	0.0	-2.84957242987e-11	0.0	0.0
0.25	13.20730624	-2.62616595137e-11	0.0	0.0
0.26	12.3493491124	-2.42803804675e-11	0.0	0.0
0.27	12.0999857339	-2.25151401866e-11	0.0	0.0
0.28	0.0	-2.09356341786e-11	0.0	0.0
0.29	9.37867110583	-1.95166910774e-11	0.0	0.0
0.3	0.0	-1.82372635512e-11	0.0	0.0
0.31	0.0	-1.70796432841e-11	0.0	0.0
0.32	0.0	-1.6028844918e-11	0.0	0.0
0.33	0.0	-1.50721186373e-11	0.0	0.0
0.34	0.0	-1.41985615883e-11	0.0	0.0
0.35	0.0	-1.33988058743e-11	0.0	0.0
0.36	6.13538765432	-1.2664766355e-11	0.0	0.0
0.37	0.0	-1.19894354975e-11	0.0	0.0
0.38	0.0	-1.13667155097e-11	0.0	0.0
0.39	5.3298156476	-1.07912802078e-11	0.0	0.0
0.4	5.108416	-1.02584607475e-11	0.0	0.0
0.41	4.79629173111	-9.76415062228e-12	0.0	0.0
0.42	4.82139138322	-9.30472630162e-12	0.0	0.0
0.43	0.0	-8.87698063605e-12	0.0	0.0
0.44	0.0	-8.4780667335e-12	0.0	0.0
0.45	0.0	-8.10545046719e-12	0.0	0.0
0.46	0.0	-7.75687013046e-12	0.0	0.0
0.47	0.0	-7.43030203534e-12	0.0	0.0
0.48	0.0	-7.12393107468e-12	0.0	0.0
0.49	0.0	-6.83612544609e-12	0.0	0.0
0.5	0.0	-6.56541487842e-12	0.0	0.0
0.51	2.7130094579	-6.31047181702e-12	0.0	0.0
0.52	0.0	-6.07009511689e-12	0.0	0.0
0.53	0.0	-5.84319586901e-12	0.0	0.0
0.54	0.0	-5.62878504666e-12	0.0	0.0
0.55	0.0	-5.42596270944e-12	0.0	0.0
0.56	0.0	-5.23390854466e-12	0.0	0.0
0.57	0.0	-5.05187355988e-12	0.0	0.0
0.58	0.0	-4.87917276934e-12	0.0	0.0
0.59	0.0	-4.71517874061e-12	0.0	0.0
0.6	0.0	-4.55931588779e-12	0.0	0.0
0.61	2.12420145122	-4.41105541415e-12	0.0	0.0
0.62	0.0	-4.26991082103e-12	0.0	0.0
0.63	1.91509155959	-4.13543391183e-12	0.0	0.0
0.64	0.0	-4.00721122951e-12	0.0	0.0
0.65	0.0	-3.88486087481e-12	0.0	0.0
0.66	0.0	-3.76802965933e-12	0.0	0.0
0.67	1.89587132992	-3.65639055381e-12	0.0	0.0
0.68	0.0	-3.54964039707e-12	0.0	0.0
0.69	2.12056828397	-3.44749783576e-12	0.0	0.0
0.7	0.0	-3.34970146858e-12	0.0	0.0
0.71	0.0	-3.2560081722e-12	0.0	0.0
0.72	0.0	-3.16619158875e-12	0.0	0.0
0.73	1.48032276224	-3.08004075738e-12	0.0	0.0
0.74	0.0	-2.99735887437e-12	0.0	0.0
0.75	0.0	-2.91796216819e-12	0.0	0.0
0.76	1.49852188366	-2.84167887743e-12	0.0	0.0
0.77	1.55017952437	-2.76834832114e-12	0.0	0.0
0.78	0.0	-2.69782005195e-12	0.0	0.0
0.79	0.0	-2.62995308381e-12	0.0	0.0
0.8	0.049936	-2.56461518688e-12	0.0	0.0
0.81	0.0	-2.50168224296e-12	0.0	0.0
0.82	0.0	-2.44103765557e-12	0.0	0.0
0.83	0.0	0.0482711708497	0.0	0.0
0.84	1.21732789116	-2.32618157541e-12	0.0	0.0
0.85	0.0	-2.27176985413e-12	0.0	0.0
0.86	0.0	-2.21924515901e-12	0.0	0.0
0.87	0.0	-2.16852123082e-12	0.0	0.0
0.88	1.13173553719	-2.11951668338e-12	0.0	0.0
0.89	0.0	-2.07215467694e-12	0.0	0.0
0.9	0.0	-2.0263626168e-12	0.0	0.0
0.91	0.03859321338	-1.9820718749e-12	0.0	0.0
0.92	1.14071833648	-1.93921753262e-12	0.0	0.0
0.93	0.0	0.0384483866324	0.0	0.0535878829923
0.94	0.0	0.0376346871869	0.0438589406971	0.0
0.95	0.905868409972	-1.81867448156e-12	0.0857784376731	0.0
0.96	0.0	0.0360829097204	0.0420505208333	0.0
0.97	0.0339664576469	-1.74445075949e-12	0.0	0.0492593899458
0.98	0.0332768013328	-1.70903136152e-12	0.0403516867972	0.0
0.99	0.0651322926232	0.0339292006921	0.0395406183043	0.0
1.0	0.070144	-1.64135371961e-12	0.03875376	0.0
1.01	0.871378727576	0.0325987742362	0.0379901578277	0.0
1.02	0.0979414071511	-1.57761795425e-12	0.0	0.0
1.03	0.0301244603638	0.0626110268625	0.0365291356396	0.0
1.04	0.0295479289941	0.0307452011819	0.0	0.0
1.05	0.0	0.120192429568	0.0	0.0
1.06	0.0284434318263	0.0885636226401	0.0344907084372	0.0412496974012
1.07	0.644335610097	-1.4336219055e-12	0.0338490348502	0.0
1.08	0.669423319616	0.0853138600809	0.0	0.0
1.09	0.053729618719	0.0559077841919	0.0326182644559	0.0
1.1	0.624204165289	0.0274826525606	0.0639793719008	0.0
1.11	0.0518108595082	-1.33215949972e-12	0.0	0.0
1.12	0.101518367347	0.0793288316314	0.0617147959184	0.0369484693878
1.13	0.0250286161798	0.0260427673258	0.0303498786123	0.0362974077845
1.14	0.0784073868883	0.0511111406574	0.0595683594952	0.0356634041243
1.15	0.072311047259	0.0502261159912	0.0	0.0
1.16	0.118145065398	0.0739522045172	0.0288003567182	0.0
1.17	0.0698600043831	0.0242925046376	0.119987844255	0.0
1.18	0.0686809537489	0.0477047101396	0.0278323470267	0.0
1.19	0.599778659699	0.0234828116647	0.0	0.0
1.2	0.0884337777778	0.0461278044433	0.0269123333333	0.0
1.21	0.53767868315	0.0679667279546	0.0528755139676	0.0
1.22	0.495632786885	0.0668570857286	0.0520122547702	0.0622095135716
1.23	0.453649124199	0.065774397778	0.0	0.0
1.24	0.0	0.0647177981259	0.0252040582726	0.0301431841831
1.25	0.10174464	0.084807778303	0.0742296576	0.0
1.26	0.0441824137062	0.0209460881824	0.0487623078861	0.0583223985891
1.27	0.215167611135	0.147412828073	0.0719101246203	0.0287359166718
1.28	0.17375625	0.040542015624	0.0707909179688	0.0
1.29	0.174691040202	0.103517179015	0.0696976383631	0.0278517877531
1.3	0.52407895858	0.136694952898	0.0458077159763	0.0274249467456
1.31	0.427065462386	0.0579861816901	0.0451110308257	0.0
1.32	0.109346556474	0.113788077134	0.116268503214	0.0266001836547
1.33	0.132386545311	0.189598684832	0.0655683419074	0.0262016846628
1.34	0.0567488527512	0.0554188496315	0.0431137447093	0.0258120739586
1.35	0.090623297668	0.116226725047	0.0901242030178	0.0254310891632
1.36	0.126610380623	0.0753608131479	0.124965051903	0.050060899654
1.37	0.154884842027	0.175161681495	0.0822953593692	0.0493327508125
1.38	0.158939382483	0.159066078554	0.0660701533291	0.0970229783659
1.39	0.61872209513	0.0856219864388	0.178797453548	0.0718044821697
1.4	0.574236734694	0.167735183673	0.119558857143	0.0707823673469
1.41	0.698105729088	0.147664704189	0.0389392082893	0.0697819224385
1.42	0.113120412617	0.146926590755	0.157228724459	0.0
1.43	0.209574727371	0.203553347351	0.056718587706	0.0903567705022
1.44	0.149259259259	0.211537543209	0.0992410493827	0.133359259259
1.45	0.120512989298	0.171783667823	0.0734649988109	0.109728418549
1.46	0.469144379809	0.17559998799	0.0904691311691	0.0434380934509
1.47	0.254144773011	0.161301712434	0.106962543385	0.106762922856
1.48	0.106911322133	0.201750986121	0.172261431702	0.0211596785975
1.49	0.391736156029	0.293514634475	0.142802576461	0.0417065177244
1.5	0.501138773333	0.20351728071	0.06864896	0.0411522844444
1.51	0.210310495154	0.231618068681	0.101370711811	0.101181527126
1.52	0.269812742382	0.120145163434	0.153653462604	0.0462523545706
1.53	0.204093536674	0.198369857746	0.136800375924	0.0592650006408
1.54	0.218694552201	0.195801990217	0.101546905043	0.0779096643616
1.55	0.18313083871	0.150333053735	0.0843230967742	0.115102501561
1.56	0.172900986193	0.180274227481	0.182148257725	0.0947994740302
1.57	0.449658095663	0.159745482575	0.192600494949	0.112188632399
1.58	0.249133408108	0.234627107194	0.243936292261	0.0924146771351
1.59	0.469777872711	0.170975930382	0.172878224754	0.145517281753
1.6	0.198144	0.206387327499	0.0778296875	0.131344
1.61	0.286408703368	0.169250939392	0.151565695768	0.152654851279
1.62	0.271455204999	0.376441861911	0.138897058375	0.0704048773053
1.63	0.474441642516	0.338582676653	0.212715570778	0.155595227521
1.64	0.23448328376	0.192872709101	0.174130339084	0.0857763236169
1.65	0.445802020202	0.226594330798	0.0989290137741	0.140240749311
1.66	0.210344375091	0.323422880534	0.0977406880534	0.152344665409
1.67	0.441077471404	0.355136236365	0.140870393345	0.131909440998
1.68	0.490644897959	0.271539446712	0.178211961451	0.135276870748
1.69	0.52802632961	0.269926170092	0.244442085361	0.0807758831974
1.7	0.564395847751	0.319424221453	0.123944968858	0.0798283737024
1.71	0.567922355597	0.339281943025	0.164465839062	0.0631888649499
1.72	0.445776095187	0.33211564954	0.284661763115	0.159756625203
1.73	0.358124574827	0.226093966921	0.170130642521	0.142760052123
1.74	0.670439952438	0.296684474038	0.1328923768	0.187022010834
1.75	0.453485714286	0.263234612244	0.126228897959	0.130251964082
1.76	0.286652892562	0.242929925619	0.328608264463	0.162747727273
1.77	0.345781812378	0.35891658208	0.25949345335	0.107325685467
1.78	0.36098553213	0.418520916046	0.216574876909	0.103730539073
1.79	0.335597216067	0.279154435379	0.216066914266	0.104940744671
1.8	0.275449679012	0.331529647407	0.244870320988	0.173774024691
1.81	0.292253056988	0.297943997313	0.188689673697	0.14004944904
1.82	0.350639004951	0.369098323391	0.229374181862	0.144311073542
1.83	0.388799856669	0.358801652602	0.187328376482	0.100403308549
1.84	0.407974291115	0.382119742911	0.253468620038	0.215028355388
1.85	0.599586781592	0.39088038989	0.246488543462	0.164507769175
1.86	0.73249624234	0.409746386403	0.200174586657	0.179696334836
1.87	0.557293602905	0.327100815465	0.174912362378	0.177779587635
1.88	0.392937980987	0.37590629425	0.189620823902	0.197446808511
1.89	0.639884616892	0.410102989726	0.247931200134	0.222172682736
1.9	0.408890858726	0.36874924144	0.274087490305	0.272646914127
1.91	0.450488703709	0.368721069707	0.209397768702	0.175280107453
1.92	0.456808333333	0.295096269097	0.237052907986	0.151621354167
1.93	0.547082219657	0.370046716529	0.233869107896	0.236939343338
1.94	0.437357593793	0.476686209374	0.271037984908	0.197308789457
1.95	0.45152677449	0.410022532965	0.255714545694	0.276879905325
1.96	0.502947771762	0.436536276551	0.292252353186	0.169985672636
1.97	0.423819217192	0.503310056945	0.276257734031	0.19186889639
1.98	0.477962003877	0.449043842873	0.320389184777	0.215556126926
1.99	0.528551662837	0.403868943107	0.238631347693	0.203781682281
2.0	0.63185536	0.30352076	0.467611	0.294796
2.01	0.468994331823	0.426061691542	0.339943110319	0.16242592015
2.02	0.437118557004	0.476663072248	0.327146122929	0.156709969611
2.03	0.569223383242	0.523019908855	0.40082832391	0.136627396928
2.04	0.461389311803	0.484451112649	0.33995171088	0.291038062284
2.05	0.531996325996	0.4806900563	0.257345142177	0.299296742415
2.06	0.580277123197	0.455634108398	0.371416721651	0.277873503629
2.07	0.531814922169	0.459958345259	0.461078522253	0.128202534482
2.08	0.48086035503	0.494531389053	0.378530880178	0.150937721893
2.09	0.705859298093	0.487357134131	0.402865319017	0.282115739109
2.1	0.66980861678	0.517610026666	0.271313705215	0.248304181406
2.11	0.615446517374	0.54259292864	0.364024563689	0.27392002875
2.12	0.580651334995	0.555068514062	0.358456959772	0.295588608046
2.13	0.60742007979	0.55834787066	0.340577046001	0.347248350195
2.14	0.553865804874	0.48394710455	0.35940969517	0.137845541095
2.15	0.629726217415	0.499370932958	0.279650405625	0.26035629205
2.16	0.636836213992	0.580388174211	0.394107647462	0.252329766804
2.17	0.603722686827	0.549783167704	0.422756363482	0.293327647646
2.18	0.696547967343	0.55573495699	0.413846477569	0.343195892602
2.19	0.654775204854	0.546653654761	0.350488104919	0.252938712704
2.2	0.557057057851	0.567912540826	0.41015785124	0.299845818182
2.21	0.693453319957	0.470486607891	0.439051976823	0.315560582298
2.22	0.684697670644	0.606148632091	0.357828455483	0.241588052918
2.23	0.665059470329	0.583202012186	0.417780015685	0.295862776247
2.24	0.639962244898	0.626724408163	0.356789891582	0.226314285714
2.25	0.648131824198	0.530598038439	0.429259883457	0.307763705679
2.26	0.630276450779	0.581407159214	0.341052987705	0.371140230245
2.27	0.630013669972	0.577022046304	0.403843086417	0.366578819694
2.28	0.626287965528	0.594875148045	0.441965989535	0.223381840566
2.29	0.727162822982	0.550880448504	0.348577914227	0.319952891821
2.3	0.677222109641	0.636676626389	0.407467402647	0.258686306238
2.31	0.639616678848	0.675360214089	0.453984025787	0.41570147486
2.32	0.585326991677	0.613161963139	0.427458115339	0.268953507729
2.33	0.704071911437	0.57873615237	0.476274722319	0.325824708504
2.34	0.714313682519	0.664427918475	0.552656147272	0.301561954854
2.35	0.696194839294	0.630227659502	0.468550084201	0.292652965143
2.36	0.681447400172	0.625959642631	0.41316320023	0.280564320598
2.37	0.683689408749	0.599449283697	0.452334205701	0.324475749969
2.38	0.705599887014	0.621074642751	0.538683172092	0.308770397571
2.39	0.702351849582	0.619915865338	0.476476700338	0.309110442744
2.4	0.711344888889	0.66669611	0.454477333333	0.377851
2.41	0.629228174446	0.649496188013	0.515660983798	0.27480860178
2.42	0.675866402568	0.629788783826	0.480314295472	0.365244559798
2.43	0.653949093126	0.667264105133	0.526776717641	0.348080380701
2.44	0.686518247783	0.604739237839	0.481148589089	0.392256275195
2.45	0.656363955019	0.630548803065	0.542210852145	0.344440483132
2.46	0.64387325005	0.648847088373	0.524591949237	0.355508599379
2.47	0.650242265895	0.679260897507	0.532298093724	0.347489714632
2.48	0.670099479709	0.568193132154	0.58018405307	0.302591050989
2.49	0.657200858051	0.60456110424	0.445218625506	0.414534113966
2.5	0.63696896	0.6464711424	0.5840827136	0.3998739456
2.51	0.629585841495	0.633577853304	0.425081532039	0.390000768242
2.52	0.62837228521	0.621375661376	0.556261123709	0.33594356261
2.53	0.627911699917	0.670605280132	0.532779552875	0.368733746817
2.54	0.616689540579	0.634707942216	0.496152049104	0.417194271189
2.55	0.637055557093	0.59635706882	0.597867675509	0.459695587851
2.56	0.6011328125	0.631707401367	0.522074487305	0.3607171875
2.57	0.616728646914	0.630224679011	0.521428539418	0.42313419431
2.58	0.617010612343	0.592385602788	0.487866330148	0.385452220419
2.59	0.600085890192	0.646064349428	0.504821073031	0.419009710648
2.6	0.589120378698	0.618589359527	0.548606485207	0.388816568047
2.61	0.61392874444	0.585088358891	0.559770502488	0.401669828687
2.62	0.591400128198	0.595283108444	0.538590408484	0.399246104539
2.63	0.596745848574	0.614554604288	0.546054816464	0.488716043314
2.64	0.573915151515	0.624318123049	0.554657943067	0.474236547291
2.65	0.584166299751	0.58743363167	0.550875249555	0.402077573514
2.66	0.577010888123	0.653132514896	0.510963514048	0.452663327492
2.67	0.595180159632	0.571296395461	0.553119746384	0.449189883432
2.68	0.594696012475	0.613955402985	0.568594252618	0.460544798396
2.69	0.583012484626	0.600352080043	0.554429043269	0.428310366081
2.7	0.561185711934	0.607057971797	0.499428674897	0.410891939643
2.71	0.570953097044	0.576189518117	0.583287809262	0.498564017374
2.72	0.541433910035	0.60215067128	0.479993317474	0.441627249135
2.73	0.571449953709	0.605629021938	0.599358553046	0.467365047163
2.74	0.564709893974	0.619393456018	0.531469955778	0.367352549417
2.75	0.552447492231	0.598259237236	0.554399079669	0.38516778314
2.76	0.554369586221	0.581930397816	0.556838395295	0.379229237555
2.77	0.532073223944	0.585412644294	0.570334991985	0.447494616116
2.78	0.525950085399	0.582796444076	0.504952642203	0.487584783396
2.79	0.533286139695	0.57065766041	0.540866124536	0.43845882761
2.8	0.512782367347	0.580570462041	0.555750530612	0.412909306122
2.81	0.516305517914	0.573445747445	0.618701201859	0.430519370322
2.82	0.551280116694	0.575034643328	0.547372788089	0.428917177204
2.83	0.517215317959	0.58160785646	0.579905634981	0.471250054315
2.84	0.514231303313	0.563817020432	0.540737234676	0.388709859155
2.85	0.476254867344	0.539071940905	0.641272888889	0.51380310988
2.86	0.489182336545	0.519919140105	0.585419942295	0.449660247445
2.87	0.490397775862	0.560991545072	0.583133868324	0.53279508553
2.88	0.508491975309	0.542140049383	0.623241975309	0.447295987654
2.89	0.488829702709	0.550218836652	0.583073689252	0.410810330336
2.9	0.503022040428	0.528698045184	0.567786083234	0.508128875149
2.91	0.505396317946	0.536545462807	0.592237956566	0.438354313246
2.92	0.484145167949	0.553545363858	0.544448039032	0.454384987803
2.93	0.508064979208	0.53531182164	0.528685967222	0.508732048131
2.94	0.483621898283	0.515642093572	0.548353204683	0.522609209126
2.95	0.512840144786	0.529048363758	0.606887602413	0.504810231543
2.96	0.484265887509	0.499982866326	0.561902319211	0.494356756757
2.97	0.490432023943	0.500818511671	0.559506154701	0.481857406841
2.98	0.482877275798	0.530817458673	0.595776604657	0.526713211117
2.99	0.483005317614	0.496280014765	0.548004536862	0.552790237246
3.0	0.448240071111	0.5088	0.625371662222	0.525946026667
3.01	0.477116570457	0.521391038774	0.590136974206	0.430862105275
3.02	0.488097609754	0.491181757993	0.5473602035	0.524669970615
3.03	0.445070091168	0.504521502859	0.55102920193	0.460178396454
3.04	0.457297506925	0.462520013158	0.574364456371	0.620120429363
3.05	0.436661009406	0.493084471658	0.568277413598	0.551729535071
3.06	0.449190379768	0.486787720279	0.584006766628	0.538415549575
3.07	0.45074568006	0.476680927501	0.575863153986	0.513916557205
3.08	0.422968864901	0.488000118738	0.571288851408	0.534434744476
3.09	0.425152882772	0.471460945068	0.546211271352	0.589065703124
3.1	0.447174193548	0.450368782518	0.573409098855	0.503277352758
3.11	0.423201315123	0.470040085772	0.572356216334	0.502824842588
3.12	0.409810913872	0.488062035503	0.537475345168	0.453021630506
3.13	0.436987602201	0.477651502006	0.562734154682	0.57072904286
3.14	0.445695387237	0.440835901822	0.567892312061	0.539638930585
3.15	0.410372450491	0.464749871665	0.530396912069	0.500339132275
3.16	0.410934145169	0.442203397532	0.574907867329	0.521625124179
3.17	0.398015305158	0.443949088955	0.552235424773	0.547483700704
3.18	0.41032554092	0.427109687117	0.567690265417	0.492184581306
3.19	0.425959084522	0.413183220133	0.51404526292	0.542390896316
3.2	0.407156	0.4167312525	0.5753125	0.6063671875
3.21	0.426938465271	0.43389821077	0.555846701798	0.444871458934
3.22	0.403694055013	0.430939356352	0.560754214729	0.503656124378
3.23	0.405480110037	0.429157831705	0.55250257934	0.54962442274
3.24	0.390891632373	0.411936268252	0.530445054108	0.487246395367
3.25	0.410160836923	0.459933501501	0.542767503905	0.503420455385
3.26	0.390849245361	0.407383401709	0.54960105386	0.494168632617
3.27	0.394768476279	0.402158372153	0.5225508515	0.558508976985
3.28	0.407822962522	0.397366697799	0.541707480666	0.531973527662
3.29	0.375544557053	0.413599847156	0.556012542382	0.534126092701
3.3	0.39292262259	0.423113464242	0.506071022957	0.519977608815
3.31	0.387908894588	0.408201856354	0.546235408585	0.561490311333
3.32	0.372834141385	0.378035358397	0.542253723327	0.500390709827
3.33	0.371720246372	0.420583625067	0.55370403196	0.541779458738
3.34	0.374647724909	0.408347796479	0.544631919395	0.576668421241
3.35	0.39032991223	0.382297931334	0.535183426153	0.528114541323
3.36	0.375928798186	0.372798251701	0.539759013605	0.567850056689
3.37	0.378495624686	0.398149305673	0.538245415562	0.574816634821
3.38	0.378384510346	0.38521619215	0.506793683695	0.589671846224
3.39	0.363510599455	0.385753956196	0.524462557757	0.54773966812
3.4	0.36886499654	0.36505144692	0.511918948097	0.581201716263
3.41	0.351006269296	0.37735299779	0.529825453857	0.51140178017
3.42	0.351853575459	0.37811040881	0.529004329537	0.574722396635
3.43	0.364422633427	0.351138372617	0.499749254137	0.494384428257
3.44	0.348571984857	0.369602203894	0.507056179016	0.545711790157
3.45	0.346227283344	0.366595361176	0.51541810544	0.54699252762
3.46	0.34493282101	0.369673220756	0.527171305423	0.569891890808
3.47	0.360813108655	0.359813297146	0.489041237781	0.529719393069
3.48	0.351582718985	0.35928635434	0.508685427401	0.560855013872
3.49	0.348822567959	0.352070131969	0.52007423256	0.564240543181
3.5	0.348618919184	0.366953010155	0.487017586939	0.536108094694
3.51	0.336646410338	0.367993103952	0.493144256946	0.551916299381
3.52	0.348566942149	0.351202303202	0.49816450155	0.530114876033
3.53	0.359904661782	0.35483239843	0.488712513542	0.520522992721
3.54	0.345494589677	0.35573941077	0.492483002968	0.53026928405
3.55	0.330479190637	0.321105812339	0.480541809958	0.543449048998
3.56	0.332328948365	0.329966153263	0.482341560409	0.504252038884
3.57	0.334830540844	0.31871456862	0.47344517101	0.515468932671
3.58	0.30757471989	0.343179506757	0.479531337973	0.501296513842
3.59	0.34878418386	0.337044378737	0.474537484967	0.493851711269
3.6	0.337585382716	0.348490319012	0.462016925926	0.518994765432
3.61	0.329170414592	0.327259797454	0.483728639283	0.574216048066
3.62	0.323884814261	0.312187284149	0.477017185068	0.533165654284
3.63	0.326533907065	0.327224556185	0.469689836001	0.554310941117
3.64	0.314627895182	0.328256734211	0.479513041903	0.558906219056
3.65	0.329252605742	0.346225050734	0.466279764309	0.533956287484
3.66	0.316088793335	0.323442425155	0.474490178865	0.499223076234
3.67	0.312908867094	0.313964359376	0.459175718878	0.508744333984
3.68	0.305983742911	0.337333407845	0.46800532845	0.505841398866
3.69	0.293144545061	0.316121039534	0.477445365413	0.521687308407
3.7	0.311744046749	0.330841113338	0.446813440467	0.555628645727
3.71	0.311016909206	0.314165680284	0.431045935441	0.535340905689
3.72	0.303928962886	0.323648910163	0.418291351601	0.497819354839
3.73	0.293432610024	0.324587702751	0.453121278813	0.538452986796
3.74	0.292445354457	0.330435933084	0.427961623152	0.500625125111
3.75	0.295466507378	0.302461603385	0.437098666667	0.516479931733
3.76	0.292064463558	0.320745710729	0.432065131281	0.495628066999
3.77	0.297413825468	0.293744522905	0.419547245108	0.540616212033
3.78	0.309385470732	0.309876867949	0.425121760309	0.541038335993
3.79	0.286790718527	0.308698892378	0.43312668667	0.49653901045
3.8	0.284635833795	0.296106220055	0.432758072022	0.499286160665
3.81	0.28586481493	0.304571845496	0.427580410716	0.477918294859
3.82	0.284682371646	0.310374254653	0.435322496642	0.513308560621
3.83	0.29193622971	0.295682488639	0.430864111147	0.556517104895
3.84	0.298674305556	0.29320037283	0.413114355469	0.493719791667
3.85	0.284108618654	0.275527023269	0.410699506831	0.502122864564
3.86	0.285159698247	0.295599350962	0.390134489516	0.525007339794
3.87	0.296988305991	0.292187317162	0.401657176051	0.498243561752
3.88	0.279826719099	0.276699304496	0.4176317462	0.511683537039
3.89	0.27848190271	0.297252142505	0.417462364113	0.525399647108
3.9	0.283712967784	0.280514398422	0.401220786325	0.48959217357
3.91	0.27411579987	0.277659341736	0.40981735075	0.501154691557
3.92	0.269362765514	0.27588349646	0.391144356518	0.479402915452
3.93	0.265881382204	0.276661411858	0.387372390886	0.507515578605
3.94	0.268030858821	0.27509291185	0.406374552295	0.526394145688
3.95	0.279691628906	0.286140031405	0.392437991348	0.51686531261
3.96	0.261219712274	0.272869109683	0.388523405775	0.525263789409
3.97	0.256127342982	0.279909203561	0.39404185294	0.505310392173
3.98	0.263662675185	0.278696761799	0.38732682508	0.49148641701
3.99	0.26148595549	0.261896972406	0.387039769851	0.471538746616
4.0	0.25749984	0.2623335436	0.36660851	0.49033984
4.01	0.253388115746	0.266666305409	0.375763195503	0.506016514823
4.02	0.258261171753	0.261166834088	0.377508229994	0.515076517908
4.03	0.271164637428	0.271772029974	0.347386304946	0.480850435629
4.04	0.252469365748	0.266244681502	0.356776580727	0.485727869817
4.05	0.266886145405	0.256983631129	0.364339231215	0.48401359305
4.06	0.27298021306	0.259517045694	0.372796233832	0.485820825548
4.07	0.262176182168	0.263482075956	0.36164081884	0.502335767798
4.08	0.232280815071	0.253303056901	0.368143021915	0.494410572857
4.09	0.245794953402	0.263268046843	0.361953838153	0.490742202641
4.1	0.241476682927	0.248906879239	0.368962893516	0.497086020226
4.11	0.229848509066	0.255416775984	0.349688898361	0.480238843009
4.12	0.251688189273	0.2462924023	0.370360363842	0.467122594024
4.13	0.259113381681	0.241295813424	0.355313887049	0.471977946755
4.14	0.236791187659	0.246367252445	0.354324217601	0.453141627576
4.15	0.25141942459	0.23983019831	0.35081790913	0.483301950356
4.16	0.241019822485	0.253227218935	0.365764090237	0.466211390533
4.17	0.23608933055	0.251502793253	0.35268817234	0.46054589767
4.18	0.233158911197	0.239150810284	0.350639032989	0.463856193768
4.19	0.234152924624	0.235492702821	0.332541272834	0.472339291756
4.2	0.227566585034	0.23908038059	0.329420507937	0.459165133787
4.21	0.237681746323	0.245991520608	0.338258132148	0.456751889236
4.22	0.251797255228	0.237240349498	0.348797295658	0.465237743986
4.23	0.245985426622	0.240557396509	0.321669489015	0.434298601121
4.24	0.24177999288	0.225395825917	0.344573611606	0.460443538626
4.25	0.22313619045	0.231211422915	0.315415199446	0.443260899654
4.26	0.229357526064	0.237644458904	0.319434424387	0.445097260244
4.27	0.225786133857	0.237023806416	0.319356767163	0.441019774145
4.28	0.236995370775	0.238260110053	0.322648266224	0.449501301424
4.29	0.223281586168	0.230107180378	0.310711148059	0.465083984547
4.3	0.245551489454	0.227936353402	0.334803729584	0.440046520281
4.31	0.219619971899	0.218857037505	0.308175980965	0.443045849236
4.32	0.227709190672	0.22461256893	0.312934593621	0.446765569273
4.33	0.220588548662	0.230059252884	0.334613977353	0.43501044648
4.34	0.221156839177	0.233532645331	0.30483267005	0.440626048546
4.35	0.225993783062	0.217332053672	0.314728003171	0.420965737085
4.36	0.22486780574	0.228539476138	0.314737909267	0.437294369161
4.37	0.21791683467	0.227412539292	0.297145098943	0.44090392891
4.38	0.223348137028	0.225548918163	0.301396376222	0.443375275745
4.39	0.215549765724	0.219536586381	0.284843054986	0.423450388904
4.4	0.212872727273	0.225463239339	0.301351702479	0.432649884298
4.41	0.207674324998	0.211942314241	0.300628943701	0.425236349052
4.42	0.211237083598	0.21711188911	0.315985045351	0.441550959235
4.43	0.210094041753	0.216050515417	0.295884310239	0.416946585206
4.44	0.209279896112	0.208445897573	0.29315883451	0.419502670238
4.45	0.207224712031	0.20204229567	0.298286410302	0.416642310819
4.46	0.222510840757	0.207846528183	0.281467079571	0.421914424179
4.47	0.205866234254	0.212535771662	0.287061215461	0.426900489968
4.48	0.211480357143	0.206487926977	0.277999489796	0.410346779337
4.49	0.199909357592	0.211116881365	0.292756158948	0.393720554958
4.5	0.210446411852	0.204178498686	0.305104719012	0.405981360988
4.51	0.205333141922	0.226934860694	0.282635975241	0.423166013933
4.52	0.206619656982	0.202424202052	0.299324700446	0.418241021223
4.53	0.204591416556	0.202102116301	0.290560753183	0.397637733238
4.54	0.199923336374	0.203655721322	0.296240881834	0.412505579382
4.55	0.204999581693	0.193852358005	0.281257247192	0.398309661152
4.56	0.200545891043	0.206612637427	0.280862503847	0.408664204371
4.57	0.200904760856	0.197801441309	0.264087381793	0.400227149759
4.58	0.19503225339	0.202050113461	0.281932220972	0.381660792128
4.59	0.200069101628	0.200456945315	0.268168964453	0.393480235997
4.6	0.191666812854	0.197627807637	0.288816778828	0.380675720227
4.61	0.198976786294	0.199922604994	0.250639731603	0.399684654222
4.62	0.194905372838	0.199433653492	0.277602743577	0.381485234535
4.63	0.186522491592	0.196712593034	0.269215783999	0.401737937855
4.64	0.200119619501	0.200986169738	0.267306064209	0.385065398335
4.65	0.19290436166	0.198684439709	0.254709492427	0.385752219216
4.66	0.185195056089	0.192153080293	0.256056261858	0.386078947853
4.67	0.193242208456	0.205260123638	0.275140046495	0.390234929776
4.68	0.187285440865	0.187163678866	0.255218788809	0.374844006136
4.69	0.201865719832	0.191942527994	0.271999810876	0.371576444915
4.7	0.18701674966	0.203691938361	0.258051788139	0.386604617474
4.71	0.176451105071	0.196527563868	0.247209697035	0.387004386024
4.72	0.190498822178	0.187780172077	0.235987503591	0.379593766159
4.73	0.176584378422	0.191076947271	0.245870108926	0.375399881106
4.74	0.185355594723	0.202103880503	0.249104837188	0.374661638982
4.75	0.178916230028	0.191906925208	0.256844417064	0.377922914571
4.76	0.186849629263	0.183384430761	0.254082698962	0.369147122378
4.77	0.17751241556	0.177423816815	0.259144995143	0.357463750115
4.78	0.18745262863	0.185781945274	0.259099105408	0.356638686298
4.79	0.18247686159	0.183599812344	0.244986630986	0.364580698306
4.8	0.178702666667	0.184949084444	0.263517576389	0.357821638889
4.81	0.178595521285	0.178688394742	0.23331285048	0.363605620653
4.82	0.173538169109	0.171068442761	0.254000110191	0.365042612903
4.83	0.170595777769	0.181768151949	0.26109829439	0.347226411875
4.84	0.175976613619	0.184211530906	0.252071743733	0.344305334335
4.85	0.175762106919	0.195783776316	0.239334995855	0.34094890254
4.86	0.181311114498	0.178687038629	0.225916482921	0.364498880591
4.87	0.181878744693	0.171105980023	0.24090284312	0.355385562194
4.88	0.174604031174	0.181319533459	0.242467743886	0.350410749798
4.89	0.18142714358	0.171476704363	0.230592170491	0.342584422113
4.9	0.162266682216	0.177577734877	0.212303780092	0.351584999584
4.91	0.169342214442	0.184494568116	0.226303783376	0.341663729618
4.92	0.169761808447	0.179662570163	0.241954101395	0.331197673343
4.93	0.17111403215	0.173753107299	0.231233043543	0.346353441487
4.94	0.163647986363	0.174194243079	0.250968473504	0.33740991657
4.95	0.169156525253	0.173707536847	0.238389414958	0.339647458014
4.96	0.166556295525	0.177139721904	0.232706581686	0.33276719563
4.97	0.163709662401	0.165775271605	0.220738133428	0.348134126287
4.98	0.159094208158	0.181368376897	0.224464121546	0.333756061999
4.99	0.167494883956	0.169183519745	0.222529136831	0.331261101763
5.0	0.1677123584	0.166385009664	0.2225209536	0.3389248256
5.01	0.164559816096	0.177525475739	0.221764694165	0.333524726993
5.02	0.158128893192	0.169004292376	0.224921483786	0.34350530309
5.03	0.174000349395	0.166436115964	0.226879998735	0.331029893798
5.04	0.161123708743	0.166883523306	0.225809240363	0.314998841018
5.05	0.164043374571	0.162401303339	0.217744770121	0.308684127438
5.06	0.162717517849	0.169196307769	0.206382702432	0.333851527129
5.07	0.164826198896	0.166299695762	0.228399821046	0.325366161316
5.08	0.157355719511	0.163646852006	0.20805492591	0.315326157852
5.09	0.15876859515	0.159830958442	0.225476819991	0.308732259023
5.1	0.159174126874	0.172960553387	0.209835964629	0.310934662053
5.11	0.169028764443	0.163460715913	0.219557069711	0.315721217367
5.12	0.159429101563	0.164530444092	0.221468328857	0.319973901367
5.13	0.154300580995	0.161332267311	0.209114988467	0.315503154247
5.14	0.160080328241	0.159119891959	0.211821986707	0.31006010689
5.15	0.154704788764	0.160300090203	0.208658284852	0.296458351965
5.16	0.151934523166	0.148046295295	0.210444390361	0.313641608076
5.17	0.1423813176	0.152101925571	0.204151706954	0.307846563083
5.18	0.158483123388	0.149279830414	0.194587743176	0.317131491779
5.19	0.153441093551	0.160265548405	0.194400674188	0.30769769937
5.2	0.160743195266	0.159851286154	0.196543307692	0.308771597633
5.21	0.151687174745	0.154479660773	0.213320587531	0.313476687752
5.22	0.150932934044	0.153651038358	0.204808760881	0.291410496029
5.23	0.156871211462	0.161778304516	0.203505184459	0.3134993423
5.24	0.14953907115	0.148656948896	0.210794452538	0.303193776586
5.25	0.152159805533	0.155169668934	0.185745705215	0.303379736961
5.26	0.150980560656	0.145620226171	0.19051329931	0.29795403143
5.27	0.159659662477	0.151832161222	0.188765186207	0.291189272996
5.28	0.142286134068	0.147264140496	0.206276279844	0.287165541781
5.29	0.152902918443	0.147892922853	0.196764099614	0.301150461869
5.3	0.146676972588	0.151074398234	0.194183814881	0.294414217159
5.31	0.152328902224	0.150657834239	0.196166357759	0.288471009821
5.32	0.147164542936	0.147972450902	0.191573995138	0.285616688337
5.33	0.145361184699	0.147992269803	0.202237890239	0.286307031951
5.34	0.142829642722	0.142058151131	0.194181744729	0.274327293131
5.35	0.140823120273	0.14832881466	0.187595319766	0.291219285527
5.36	0.154408019603	0.141494519938	0.187319508799	0.285414925373
5.37	0.146317952346	0.148905927836	0.179406241309	0.275095445072
5.38	0.140824057158	0.14447099935	0.185356332831	0.275979359047
5.39	0.140138281226	0.144754788755	0.183239595072	0.285506934094
5.4	0.13885770096	0.140695436818	0.172928894376	0.278693750343
5.41	0.138609689047	0.147490443507	0.198612583666	0.279790565155
5.42	0.135220468131	0.13555795286	0.188945896706	0.267089413271
5.43	0.137264913227	0.134674798287	0.176917133855	0.263314149276
5.44	0.136498788927	0.137143273356	0.17749919442	0.272290203287
5.45	0.142670840502	0.133587026008	0.179101158488	0.265783440451
5.46	0.141075307598	0.137483529901	0.195694755062	0.27872318158
5.47	0.141704058367	0.143616034224	0.17191758804	0.270342670174
5.48	0.143980904683	0.145562060632	0.173592514252	0.271155096169
5.49	0.135297674527	0.136782116264	0.179383208417	0.262548533017
5.5	0.136121420165	0.145924986922	0.167313660826	0.269373355372
5.51	0.131200916993	0.136804107813	0.175753708321	0.254936941578
5.52	0.137203612686	0.141178723798	0.183467102499	0.25564973745
5.53	0.132178001301	0.138558184697	0.182099985285	0.268502360624
5.54	0.133302902423	0.135565456398	0.171950819117	0.265974617159
5.55	0.127416649947	0.131542380729	0.172231895463	0.265383633147
5.56	0.128902147922	0.135331016821	0.174344697479	0.26180723565
5.57	0.136321986533	0.126387712786	0.168865709801	0.255280887287
5.58	0.128520938837	0.133596590794	0.165960128981	0.253612589766
5.59	0.14029374458	0.132952957217	0.17073519862	0.244165117239
5.6	0.126371918367	0.139311840612	0.175688265306	0.244150591837
5.61	0.131684380769	0.127844095869	0.170693402728	0.253409342243
5.62	0.124701480478	0.127126427274	0.163652815947	0.260593173845
5.63	0.135891466989	0.127470724973	0.159698564844	0.248638189855
5.64	0.125647120366	0.134432918062	0.167106765253	0.257537850209
5.65	0.129749116141	0.133592360799	0.163305585715	0.248410338789
5.66	0.128658147811	0.13180627432	0.161983887925	0.252544064728
5.67	0.129947816566	0.130422474125	0.16755241268	0.244096568156
5.68	0.124141559214	0.120142828804	0.15958846955	0.249424697481
5.69	0.124570784004	0.136438766918	0.177111664469	0.236724368902
5.7	0.13230165097	0.130240414454	0.169898430286	0.242026351493
5.71	0.126735000813	0.128021211369	0.150668044816	0.251104792342
5.72	0.125060394151	0.127311802827	0.155857968605	0.24292755636
5.73	0.121341702987	0.129656329645	0.155001964493	0.245726967767
5.74	0.126907083976	0.12097694521	0.158527965618	0.247216967548
5.75	0.123358976484	0.130897474783	0.159808900113	0.239993157202
5.76	0.130525771605	0.121689518519	0.157587437307	0.23974681713
5.77	0.116789345476	0.125019023948	0.157183163978	0.243607495893
5.78	0.122614164102	0.125907163755	0.151341190838	0.238953058512
5.79	0.120250761691	0.124798346933	0.156261726937	0.23816466363
5.8	0.129396432818	0.1191696078	0.156173483948	0.231068841855
5.81	0.119634673437	0.121104511481	0.16295882048	0.226615960967
5.82	0.123779435765	0.130796852375	0.15428233488	0.223891545919
5.83	0.123940397012	0.113482647617	0.146505825137	0.239318017353
5.84	0.126614073935	0.121959551698	0.161926304185	0.221172809157
5.85	0.120925804953	0.129572539049	0.150894766893	0.220214887866
5.86	0.123382702186	0.124798546285	0.148935824529	0.227847033745
5.87	0.116272792967	0.124690865911	0.145710630962	0.233358678233
5.88	0.114256541256	0.125363650146	0.148098014716	0.224448609376
5.89	0.120679463048	0.117816314193	0.156191870772	0.217195287688
5.9	0.117585264005	0.121625499063	0.144151754094	0.235594479747
5.91	0.121982683284	0.119770541197	0.146651027683	0.223561430481
5.92	0.118611687363	0.116129192659	0.142894466764	0.231592330168
5.93	0.1219795239	0.114497582487	0.153018929671	0.232534037065
5.94	0.117455588432	0.114423832307	0.140911244884	0.219695387092
5.95	0.110565100205	0.115006855855	0.138837652708	0.222447187628
5.96	0.11341831449	0.116460557813	0.145164199811	0.229752731859
5.97	0.11121166525	0.113822231156	0.146839102267	0.222691013976
5.98	0.11662330399	0.115025444279	0.145348906612	0.208062102214
5.99	0.11426615199	0.115245267923	0.14532209665	0.227842843247
6.0	0.114238151111	0.115623029156	0.137522222222	0.214634862222
6.01	0.112444499323	0.113274880191	0.142818984444	0.208045492676
6.02	0.115710581561	0.110866297546	0.1481095308	0.221992693237
6.03	0.11481301728	0.117195673374	0.137583441554	0.207289108905
6.04	0.109007429499	0.114665882374	0.141954699355	0.207156159818
6.05	0.106386333174	0.112065636784	0.137494691346	0.209660502971
6.06	0.109733485824	0.107568200242	0.1422250934	0.199478674204
6.07	0.11231555412	0.119026171828	0.138768474334	0.220203397485
6.08	0.110479501385	0.114439379501	0.124831245672	0.205588279086
6.09	0.113124802834	0.109183181711	0.150397247635	0.214502545021
6.1	0.111147480785	0.109832771148	0.135619457135	0.20937544101
6.11	0.10828472012	0.105535849481	0.136945314086	0.208399501769
6.12	0.109642889487	0.111285381862	0.1415815242	0.202796462899
6.13	0.109032840921	0.101297102677	0.145512375954	0.209113049773
6.14	0.108044011077	0.112723838513	0.136407902471	0.214697390954
6.15	0.112346248926	0.10559688414	0.138292049441	0.200956514244
6.16	0.10799892056	0.110082984652	0.132817018047	0.195690672963
6.17	0.105913225756	0.107418110804	0.128927009711	0.193712448744
6.18	0.114762836585	0.107945849583	0.13254081545	0.196838340612
6.19	0.107173763509	0.104362421687	0.13060976874	0.211493825311
6.2	0.109625806452	0.109296736566	0.129708636837	0.201136
6.21	0.102957749824	0.105685171691	0.136158846181	0.205554508986
6.22	0.110464763598	0.101393757964	0.125278258083	0.191105964579
6.23	0.105176808741	0.110719786463	0.136793591821	0.202549053536
6.24	0.110180802104	0.107137420118	0.123202251808	0.19977151545
6.25	0.0974127104	0.10626048	0.1312456704	0.188271427584
6.26	0.104362416683	0.102646353193	0.130440347457	0.194293280528
6.27	0.103386416164	0.0995546933856	0.126997055928	0.19988400347
6.28	0.103173094243	0.102771540265	0.136839543186	0.188494446022
6.29	0.105689090868	0.102618739554	0.128981512027	0.200124844493
6.3	0.101713463341	0.103137982404	0.125413921895	0.183504463593
6.31	0.104737916571	0.103750063557	0.126113643476	0.191698791193
6.32	0.0994926454094	0.104297307963	0.129468334402	0.197298445762
6.33	0.102233502791	0.103313999396	0.129141278148	0.181406183848
6.34	0.100772757217	0.103308168814	0.128833699211	0.182877186558
6.35	0.100111253023	0.106766828287	0.12962904185	0.186782640957
6.36	0.101066635022	0.097826733278	0.121179047506	0.181726529805
6.37	0.106429563619	0.100771370351	0.127676994546	0.188143634432
6.38	0.100697123652	0.10420937593	0.122066473403	0.196153040949
6.39	0.103234480715	0.0994495269751	0.13217181972	0.1783597356
6.4	0.101092125	0.104368293125	0.119687699219	0.185419921875
6.41	0.0936350369085	0.100697019098	0.118769068416	0.190501966263
6.42	0.103237258955	0.101379031492	0.125370227385	0.165670193418
6.43	0.101117674973	0.0992116599629	0.123938106997	0.18788358806
6.44	0.0978007947224	0.0973548642413	0.125014081247	0.175958936769
6.45	0.100964024758	0.0990332214074	0.130676208401	0.186250637822
6.46	0.0934213881088	0.0975108445015	0.122251151645	0.181937003134
6.47	0.103163213404	0.100497460647	0.11713645526	0.175822291446
6.48	0.0974622161256	0.101725458162	0.125568373724	0.18132229843
6.49	0.0933802151467	0.0946145763567	0.118425610575	0.173345928428
6.5	0.0962287337278	0.098614816568	0.118809281893	0.174790907456
6.51	0.097062913962	0.090697416344	0.117691463682	0.174776958053
6.52	0.100830290941	0.102343948361	0.123118954421	0.184365297904
6.53	0.0975983002235	0.100159395735	0.125061360337	0.181108612623
6.54	0.0940451477148	0.0900515910183	0.119792999093	0.175119281018
6.55	0.0954074900064	0.0983941131636	0.118449858167	0.173754439485
6.56	0.0961127900059	0.0963949797739	0.11908364069	0.169058596074
6.57	0.0894264960651	0.0977344634738	0.119685018151	0.172727882145
6.58	0.094476348149	0.097203645347	0.114459489473	0.171486900528
6.59	0.0966364174348	0.090891943456	0.110658144381	0.175309903035
6.6	0.0941555775941	0.0980724622222	0.117207404959	0.161232690542
6.61	0.0939592612852	0.0904113238228	0.115046060958	0.178165678464
6.62	0.0949408785973	0.0970743238926	0.108163959803	0.168509947883
6.63	0.0925184951623	0.0928635610245	0.116434765873	0.166350526084
6.64	0.0953679198723	0.0900254462186	0.117499415735	0.160577892292
6.65	0.0991746518175	0.0919469589101	0.11267057629	0.158967056137
6.66	0.0911181451722	0.0964314251549	0.111372702432	0.169086693901
6.67	0.0939054694542	0.0919945152701	0.111323232537	0.159803118531
6.68	0.0927071748718	0.0926326363799	0.116942059593	0.148441191868
6.69	0.0925106521793	0.0950160609705	0.113992055608	0.161283700769
6.7	0.0912535923368	0.08993838364	0.104515218534	0.161382579639
6.71	0.0951358796733	0.08796008097	0.108423355492	0.173321633525
6.72	0.0965136054422	0.0916898348923	0.11567348356	0.1624319161
6.73	0.0926263886834	0.0926056799543	0.108342504896	0.162127817826
6.74	0.0868772288212	0.0865765631114	0.112069945143	0.171586316689
6.75	0.0911851632373	0.0884994458162	0.111149971139	0.1679426862
6.76	0.0909387766535	0.0857643337418	0.108758096705	0.160215902805
6.77	0.0854787054714	0.0890966977521	0.112012501064	0.161718814214
6.78	0.0858376658748	0.0887881805414	0.108270119473	0.167180153323
6.79	0.0911532154407	0.0854572881804	0.107418302494	0.163648008745
6.8	0.0861616055363	0.0886684394464	0.104364633218	0.163574408304
6.81	0.0855143921115	0.0972408565274	0.101509979494	0.158529256233
6.82	0.0885817769025	0.0887930835132	0.11002950095	0.165645895718
6.83	0.0908606856753	0.0906782403529	0.107381896679	0.165546111484
6.84	0.0857630860778	0.0853508806128	0.102037837283	0.150668773298
6.85	0.0849045434493	0.0847585476136	0.111747171187	0.155957780596
6.86	0.0858029426514	0.0884885549388	0.10624366038	0.15243274486
6.87	0.0863809411211	0.0858972212158	0.103606926726	0.140686717984
6.88	0.0824957274202	0.0873583904813	0.107415261628	0.14335147377
6.89	0.090587419558	0.0875974528197	0.100961890458	0.153522709971
6.9	0.0852473009872	0.0838667232598	0.102620118463	0.15844968368
6.91	0.0866164760483	0.0849198196033	0.100589468481	0.166827014269
6.92	0.0873285976812	0.0877095611614	0.107322583447	0.152504714491
6.93	0.0873358145462	0.0877227246366	0.100168367659	0.15193393094
6.94	0.0792741273493	0.0835260188192	0.100363564185	0.154558067919
6.95	0.081968441385	0.0860315420527	0.103640926246	0.14339307158
6.96	0.083724877791	0.0873348659004	0.1025170399	0.146325525168
6.97	0.0894147485946	0.0817326643516	0.0918060851075	0.153270441676
6.98	0.0843342829698	0.0851764193726	0.0981195852251	0.140670109441
6.99	0.0862336802422	0.0854205539162	0.104621771957	0.152202376991
7.0	0.0890005420408	0.0876665650939	0.106716852245	0.152741929796
7.01	0.0846767507596	0.0829505354364	0.102202904756	0.141877526501
7.02	0.0826824457594	0.0883185157263	0.0968221329372	0.140832869863
7.03	0.0821598959145	0.0869808553385	0.0937373006157	0.143150448494
7.04	0.0850875	0.0843370480372	0.102041012397	0.135004442149
7.05	0.0843843782506	0.0810791738524	0.102246314371	0.1471874453
7.06	0.0828876758501	0.085448265984	0.0969686972851	0.13796710029
7.07	0.0835377532015	0.0814834202809	0.102502955893	0.141246765323
7.08	0.0850752210412	0.086346183536	0.100132963069	0.14131826742
7.09	0.080337435471	0.0817138503345	0.101566122451	0.142955405913
7.1	0.0804159936521	0.0771573863599	0.0991739226344	0.136897929776
7.11	0.0788160618451	0.0823230669033	0.100627175528	0.137816419892
7.12	0.079858401717	0.0828757889155	0.0899510794092	0.147292059083
7.13	0.0776051600314	0.0821513688207	0.0874491560264	0.147803139845
7.14	0.081538497752	0.0807277239994	0.0961202018062	0.140653105164
7.15	0.0787520046946	0.0796606414475	0.101208959656	0.14148921825
7.16	0.082253812303	0.0792054884679	0.0969761118567	0.147715289785
7.17	0.0782455520348	0.0784260499641	0.0917646057395	0.139389517379
7.18	0.082346027731	0.0834306647528	0.0963117139066	0.132711521481
7.19	0.0812749897961	0.0747383278507	0.0959476819335	0.151233381242
7.2	0.0784026666667	0.080213037037	0.0971189228395	0.139442271605
7.21	0.07741118996	0.075224139812	0.0901933506591	0.132583309127
7.22	0.0803267501017	0.0827784355246	0.094435727166	0.127849233815
7.23	0.0777534699624	0.0820225711143	0.0975923080602	0.142482897257
7.24	0.0771966667684	0.0777547521748	0.0951694850585	0.133233674186
7.25	0.0763246984067	0.0759488369541	0.0925688816171	0.126696086373
7.26	0.0771337719798	0.0793860533509	0.0910273554478	0.130792960408
7.27	0.0742957937975	0.082566522556	0.0895013109971	0.129686019878
7.28	0.0774140321217	0.0767222007004	0.100712474339	0.130078142736
7.29	0.0757981894509	0.0780178304948	0.0902688381213	0.135425498597
7.3	0.0794515623944	0.0779873327078	0.0933025212986	0.135335307938
7.31	0.0748749253782	0.0790583324756	0.0881617513254	0.132071183339
7.32	0.0733912150258	0.0787653502941	0.0891412105467	0.136462671325
7.33	0.0756080247316	0.0818256215928	0.0829114491456	0.127555635794
7.34	0.0761417962863	0.0831572447936	0.087260281092	0.13360014849
7.35	0.0750560866306	0.0750159611273	0.0898090121709	0.131884177148
7.36	0.0747942344045	0.0800612670132	0.0922671195652	0.122785491493
7.37	0.0754515401284	0.0765514174483	0.0875819761437	0.13752154486
7.38	0.0771207497007	0.0742159292015	0.0939913778542	0.124141461946
7.39	0.077575939398	0.0707150699277	0.0886133761566	0.133673456249
7.4	0.0762209612856	0.0742766304164	0.090852917458	0.131984736304
7.41	0.0743081213883	0.0728189875374	0.0884274312897	0.126730900541
7.42	0.0746361796267	0.0764525327192	0.0843043540805	0.123995332786
7.43	0.0716511005364	0.072360231791	0.0941826511777	0.126083231018
7.44	0.0741030870621	0.0738619905191	0.0897144178518	0.138914741589
7.45	0.07494807333	0.0715984937327	0.0893031312103	0.12997600036
7.46	0.0708473546133	0.072526350193	0.0831254447311	0.123736434532
7.47	0.0732375743044	0.0733718596223	0.0889731627984	0.128322242831
7.48	0.0692991392376	0.068718976808	0.0837098573022	0.124171649175
7.49	0.0735386753321	0.0750585728011	0.0847900919963	0.125005934749
7.5	0.0690687544889	0.0666668913778	0.0870847829333	0.123605663289
7.51	0.0725263962298	0.069247913986	0.0872915445185	0.124510315407
7.52	0.0709915799004	0.0710281723631	0.0759586238117	0.121539429606
7.53	0.0674912743889	0.0714418627147	0.0839557044068	0.121977086078
7.54	0.0694487514863	0.068911925251	0.0863385121967	0.123829546398
7.55	0.0715885626069	0.0715495696785	0.0817970439893	0.123457759923
7.56	0.0710364883402	0.0700263150528	0.0846650737661	0.127354374178
7.57	0.0641551727688	0.0688908011985	0.0831322277851	0.122858536705
7.58	0.0711585577934	0.0695144566245	0.084953181891	0.116768655189
7.59	0.0708688785084	0.0663876565691	0.0776432453075	0.124029791644
7.6	0.0719980498615	0.0726336713573	0.0845604875346	0.11959201108
7.61	0.0714645098347	0.0673266707579	0.0838168769566	0.118407575619
7.62	0.0705974745283	0.0688655355088	0.0885375300528	0.121020836175
7.63	0.0712390690676	0.072769786093	0.0871965192238	0.121191046586
7.64	0.0707663057482	0.0660568185083	0.0846786107837	0.119035728187
7.65	0.0685138194711	0.0712368467102	0.0852920391302	0.115380990217
7.66	0.0714106824643	0.0739269310173	0.0786764133643	0.121645102223
7.67	0.0687151138301	0.067925682078	0.0823988889814	0.117992521363
7.68	0.06578125	0.0687488727214	0.08217081977	0.110777463108
7.69	0.0687095807806	0.067107171802	0.0827464076934	0.117441749456
7.7	0.0659985184685	0.0685333325417	0.0847466513746	0.107980014168
7.71	0.0679866536797	0.0698943117046	0.0795989347976	0.118806329981
7.72	0.0668047356976	0.070887899702	0.0855477972563	0.117403248409
7.73	0.0646290011029	0.0632500767929	0.0836787610308	0.112488641723
7.74	0.0660045803871	0.0705298566192	0.0787416781844	0.107902436419
7.75	0.0681489155463	0.0655489013344	0.0768528089906	0.118835349178
7.76	0.0669459453715	0.0675819401637	0.0775924407482	0.119265161016
7.77	0.0695731919454	0.0696603829599	0.0758805596551	0.117134409644
7.78	0.0656023579014	0.0698534298875	0.0829375301511	0.107730548965
7.79	0.0699178704142	0.0682439716499	0.0879348784937	0.119296292769
7.8	0.0681377409599	0.068507394188	0.0801141643655	0.11683025378
7.81	0.0675344318735	0.0657448896306	0.0730802159482	0.113496788155
7.82	0.0656616950439	0.0689461482853	0.0797211399716	0.119111266933
7.83	0.0685318157723	0.0680034812303	0.080885091724	0.106806068287
7.84	0.065707455227	0.0667875485214	0.0760283709913	0.115780705956
7.85	0.0647727670899	0.0662425615579	0.0793066792162	0.107638855288
7.86	0.0622113034076	0.0662248668752	0.0802854016536	0.116206644264
7.87	0.0669937668821	0.0672834551552	0.0770375036529	0.108655522637
7.88	0.0656608106367	0.0643601509959	0.0749442758123	0.117016929063
7.89	0.0659978224028	0.065492509329	0.0784687424199	0.112475861216
7.9	0.0665437564493	0.0664449431565	0.0768363428938	0.102579827592
7.91	0.0653163103882	0.0665443927113	0.075496749302	0.112379679741
7.92	0.0661676971738	0.0696629747985	0.0738891210081	0.10694389348
7.93	0.0627458890767	0.0630196118687	0.0771616079536	0.108344371383
7.94	0.0675512286735	0.0668064650115	0.07670840117	0.11058230431
7.95	0.0614213678256	0.0679736428148	0.0763576149678	0.107762532178
7.96	0.0650466806394	0.0618883991818	0.0764512891089	0.109919436378
7.97	0.0659446172834	0.0638437474028	0.0734837825031	0.106885780271
7.98	0.060649508483	0.0618691328823	0.0778799228648	0.109217112958
7.99	0.0634037703575	0.0659389983662	0.071243424744	0.106543351906
8.0	0.06584104	0.0650333796	0.0700361475	0.11113475
8.01	0.0658259722164	0.0652052948795	0.0713751780312	0.103582272472
8.02	0.0608738104863	0.062336637608	0.0728851188736	0.108851969826
8.03	0.0608969763139	0.062607788663	0.0714804191629	0.100947662951
8.04	0.0640790475483	0.0578832099205	0.075022113314	0.104529481944
8.05	0.0609077143629	0.0605217826843	0.0733290697118	0.105052055708
8.06	0.0645422359598	0.0600066980524	0.071587372621	0.11070614067
8.07	0.0643495166979	0.0656010643917	0.070859461742	0.107631517899
8.08	0.0631800803843	0.064797099402	0.0785957724733	0.10647264974
8.09	0.0626138243891	0.0622165801605	0.0726254262538	0.104953845261
8.1	0.060335543972	0.0621072437494	0.0720311537875	0.100008901082
8.11	0.0593834869192	0.0635875673728	0.0720402213096	0.100370825928
8.12	0.0606106044796	0.0613118977893	0.072330983523	0.104155888277
8.13	0.0634551127209	0.0592824046877	0.0709580170931	0.105993802432
8.14	0.0578848625709	0.0618039049798	0.071931073535	0.102389761484
8.15	0.0616793405849	0.0616778932681	0.077579726147	0.106297002371
8.16	0.0621893886967	0.0624742286621	0.0704665897732	0.102338283353
8.17	0.0602365078675	0.0615458319523	0.0712219341442	0.100513162614
8.18	0.0596631918747	0.0599738527627	0.0708926297667	0.106974243339
8.19	0.0586015322894	0.0579991954452	0.0690867572802	0.100116122434
8.2	0.0611596335515	0.0592814833076	0.0744004378346	0.0925020440214
8.21	0.0584869727509	0.0603048734187	0.0744752227238	0.1021428287
8.22	0.0606243723397	0.0599474822905	0.0705012733763	0.0960378780613
8.23	0.0579871678313	0.0587243406734	0.0701895734569	0.0970729769433
8.24	0.0602375341691	0.0626880652276	0.0728770383637	0.0996279008389
8.25	0.0584928358494	0.0589937499445	0.0661479810468	0.0949055141965
8.26	0.0585959324379	0.0609698127092	0.0687331085953	0.0889609624258
8.27	0.0615258811953	0.062842140304	0.0726697630894	0.103480364775
8.28	0.0590500035007	0.059691008985	0.0733272655138	0.0961086606455
8.29	0.0574559061523	0.0596613809944	0.0684347156238	0.0894610280819
8.3	0.0578199541298	0.0600909885092	0.0636115685876	0.0927152829148
8.31	0.0611526083865	0.0579316028562	0.0674245061624	0.0980646958053
8.32	0.0589971893491	0.0595034485022	0.0646444411058	0.0955715514053
8.33	0.0605944893203	0.0597973728709	0.0656055939783	0.094497880785
8.34	0.0590500836741	0.0577250647022	0.0653825716405	0.0988869819253
8.35	0.0608832236366	0.0560932060669	0.0706996450213	0.0931645308186
8.36	0.0577105469197	0.0612002564044	0.0692141754996	0.103501073693
8.37	0.0598873567058	0.0602464390859	0.0671832045095	0.0941175530176
8.38	0.0566923177699	0.057722634617	0.0683470679707	0.0947260587488
8.39	0.058628615427	0.0580813441054	0.0701963748773	0.0936205057102
8.4	0.0568880181406	0.0559811051247	0.0684410430839	0.0955208253968
8.41	0.0549860640962	0.0556063517838	0.067108548936	0.0917887538333
8.42	0.05561815607	0.0581563317743	0.0655707855406	0.0879721599404
8.43	0.0555904611137	0.0573706460658	0.0673643950811	0.0984413424912
8.44	0.0592883717796	0.0534108199726	0.0647473574268	0.0875895060758
8.45	0.0533527627184	0.0553294877686	0.0630318299779	0.0875435207451
8.46	0.0520507150881	0.05586487637	0.0664830832341	0.0922888162344
8.47	0.0559555310848	0.0596044283582	0.0670468310267	0.0934132334554
8.48	0.0537415450338	0.0586981789783	0.0632708170167	0.0934238163047
8.49	0.0599149978982	0.056158292877	0.0647901676052	0.0956515520927
8.5	0.0550707908651	0.0564702561439	0.0691939188927	0.0901244368166
8.51	0.0551917139026	0.0570568137851	0.0650611772146	0.089761599335
8.52	0.0566076043113	0.056065229033	0.0614084859706	0.0875466860632
8.53	0.0537323842888	0.0550081098172	0.0679162550216	0.0924383860013
8.54	0.054812002479	0.0533350011463	0.0632427995547	0.0933757416538
8.55	0.0544605090113	0.0542768973647	0.0661402299511	0.0860356370849
8.56	0.0575531138091	0.0580903431741	0.0642179993886	0.0874754039654
8.57	0.052419543903	0.0556700421459	0.0625890157111	0.0923319310122
8.58	0.0561858803201	0.0526184418472	0.0678427328693	0.0939973071218
8.59	0.0563757809186	0.0551590445397	0.0631648539534	0.0932574786449
8.6	0.0550858972418	0.055581213629	0.0643661979448	0.0936817739319
8.61	0.0546931458842	0.0549438097666	0.0598592490972	0.0912748998072
8.62	0.0549332443301	0.052313723548	0.0658140707684	0.0936189964524
8.63	0.056632526864	0.0539955561845	0.0612479434563	0.0894120222512
8.64	0.0555046639232	0.0555255226337	0.0679874206962	0.0854504801097
8.65	0.0548320539945	0.0530289767704	0.0602960874069	0.0938881218885
8.66	0.0538476049262	0.055039880185	0.0639184165471	0.0848041218418
8.67	0.0555226728075	0.055420751167	0.061849757546	0.0846434395076
8.68	0.053544564548	0.0522800534307	0.0641768905689	0.0915557858523
8.69	0.0533663491626	0.0529838375446	0.0645846912115	0.090490808715
8.7	0.0548583411283	0.0506194636861	0.061973838552	0.0860256393183
8.71	0.0503798049407	0.0515751053581	0.0626294566205	0.0821787380329
8.72	0.0510470162444	0.05338868538	0.0606654406195	0.0927465617372
8.73	0.0561181973131	0.0520329760447	0.0628104292056	0.088656907164
8.74	0.0529794888176	0.0541174661856	0.063639352984	0.0905852237798
8.75	0.0538148864	0.0508852988029	0.0651512769306	0.0878766205388
8.76	0.0535468401409	0.0538364263464	0.0590401763933	0.0829465524072
8.77	0.0515543457599	0.0544216243777	0.0621236832833	0.085675252916
8.78	0.0526819682339	0.0535802430249	0.0586107606332	0.089532154773
8.79	0.0520367435847	0.0533310536925	0.0594610205775	0.0894335144006
8.8	0.0533512727273	0.0525165170248	0.0594562727273	0.0845274297521
8.81	0.052248128932	0.0524469943942	0.0586742183645	0.0858281227735
8.82	0.0499842431909	0.0555752254668	0.0583213187921	0.0832546850335
8.83	0.0504851467701	0.0519050635625	0.0589105779356	0.0922236430166
8.84	0.0502397575807	0.0505041482361	0.0631502303393	0.0835983784116
8.85	0.0504347047145	0.0535193095011	0.0587143668805	0.086950695394
8.86	0.0515822735402	0.052955084938	0.063536629486	0.0808721083929
8.87	0.0481888554328	0.0516670853275	0.0613876164414	0.084386820528
8.88	0.0517863809756	0.049574355653	0.060003366204	0.0885530314098
8.89	0.0515711464076	0.0506978421983	0.0606779088497	0.0796134229003
8.9	0.0516752854438	0.052957295291	0.0614017341245	0.084539620755
8.91	0.0540055872354	0.0494074910673	0.0551652633077	0.0776290532208
8.92	0.0500869593195	0.0493985381568	0.0587183253233	0.0796426954091
8.93	0.0507731027313	0.051222739631	0.0577145873905	0.08289327794
8.94	0.048891042946	0.052209701545	0.061032035594	0.0821315876662
8.95	0.0504632160045	0.0500837265454	0.0598134759839	0.0856756360913
8.96	0.0497916454082	0.0516248561862	0.0552750637755	0.0851499601403
8.97	0.0505801471274	0.049124922719	0.0583947731134	0.0796573222522
8.98	0.0494059771529	0.0544841325192	0.0589727233496	0.0785896022341
8.99	0.0502285822462	0.0504726264085	0.0593015331582	0.0825785545922
9.0	0.0532961659259	0.0478705461728	0.0601016790123	0.0811546785185
9.01	0.0492257309365	0.0499652758053	0.0525256687292	0.0799030816666
9.02	0.0505914051553	0.0499556462358	0.0574566988363	0.0752510675955
9.03	0.047343591253	0.049035585332	0.0602900404582	0.0768705452111
9.04	0.048911457436	0.0499775584619	0.0561077042055	0.0806541154358
9.05	0.051702169775	0.049064448797	0.059383185617	0.0785728084002
9.06	0.0528657982837	0.0467249544806	0.0568140773553	0.0756073193671
9.07	0.047075116605	0.0506789092116	0.0593300909622	0.0751801869327
9.08	0.0475527489375	0.0498585573172	0.0573214519979	0.0774654970987
9.09	0.0504310838565	0.0493328216236	0.0579110902949	0.0779161568522
9.1	0.0488123772491	0.0484870813477	0.0553194850863	0.0745588484483
9.11	0.0485254398913	0.0469770874866	0.058227352242	0.0752144919818
9.12	0.0504676515851	0.0488081048784	0.0562112553863	0.0798082102185
9.13	0.0481711887078	0.0518214990433	0.0591255365783	0.0781748841428
9.14	0.0478506557369	0.0494090960646	0.0580210582766	0.0757131975734
9.15	0.0471235694109	0.0463731084189	0.0553869748276	0.0781964532832
9.16	0.0466198279972	0.0486572167579	0.056520173147	0.0829229343453
9.17	0.0486715064652	0.0484431294214	0.0553153322258	0.079495022054
9.18	0.0496320864245	0.049684875162	0.056627154798	0.0750260270266
9.19	0.0491851269476	0.0486218160678	0.0529166750537	0.0762069761687
9.2	0.043927289225	0.0483144725898	0.0583251020794	0.0787306691871
9.21	0.0494206415394	0.0480554434129	0.0547295403075	0.076790251827
9.22	0.0483769302798	0.0482391857746	0.0566670230236	0.0727837267846
9.23	0.0482293712269	0.0484735437625	0.0537279909476	0.0774665494425
9.24	0.0493124191825	0.0490907665898	0.0503305110474	0.076888356665
9.25	0.0502253375018	0.0483028986016	0.0533083834624	0.0739761161724
9.26	0.0460832004628	0.046282782977	0.0510973582934	0.0713458083958
9.27	0.0468435888932	0.047816050039	0.057910627478	0.0815150313791
9.28	0.0479169441141	0.0457211893579	0.0547943296671	0.0718250520214
9.29	0.0455203328695	0.0462117815307	0.0558285949335	0.0771548531298
9.3	0.0462810942305	0.0463554061556	0.0542627559255	0.0731208694647
9.31	0.0470362390555	0.0460324922603	0.0525039571462	0.0741677006695
9.32	0.0484021146089	0.047314188878	0.0533877654774	0.0773077418998
9.33	0.0511344772881	0.0456070821067	0.0573612597058	0.0676335255242
9.34	0.0456845709779	0.0459630524419	0.0550346528252	0.072211576008
9.35	0.0461614362435	0.0453497569436	0.0532115187738	0.0739283841116
9.36	0.0472663890715	0.0456140330923	0.051017479363	0.0759992621813
9.37	0.044626457654	0.0453939718783	0.052251685424	0.0778987394771
9.38	0.0455425025345	0.0451594541942	0.0537082919245	0.069080427894
9.39	0.0482329444348	0.0466846208994	0.0486889163352	0.0725510877023
9.4	0.0478451136261	0.0467778354731	0.0479074694432	0.0713090086012
9.41	0.043768815367	0.0452549970016	0.052888046158	0.0716083574916
9.42	0.0454770687114	0.0441096305192	0.0553476697274	0.0704891954147
9.43	0.0439281236189	0.0461170801699	0.0531581035233	0.0703959696328
9.44	0.0447157138753	0.0464988982333	0.0515878537058	0.0726190390692
9.45	0.0424193024831	0.0460771169273	0.0506511849052	0.0725825037373
9.46	0.0442206419373	0.044647913431	0.0529473711499	0.0655810270461
9.47	0.0430138484337	0.0447294744633	0.0523232768627	0.0730226391573
9.48	0.0427025583507	0.0456581173957	0.0501917766028	0.0671081842297
9.49	0.0456583992245	0.0427695009177	0.0523497531093	0.0698890025661
9.5	0.0453880483102	0.0434414342382	0.0495840283657	0.0744126333518
9.51	0.0434764738208	0.0428804054839	0.0552501450131	0.0686863530668
9.52	0.0456214674105	0.0464102278088	0.0521299537462	0.0692572275969
9.53	0.0461228391262	0.0429538681075	0.0500820405876	0.0686008017978
9.54	0.044303338915	0.0438481593819	0.0521179999033	0.0711617420197
9.55	0.0438184198898	0.0447611881516	0.0521522616156	0.0690514404759
9.56	0.0411257786103	0.0435790524676	0.0497507046445	0.0683002818578
9.57	0.0455019986919	0.0450536399952	0.0510840874424	0.076987440506
9.58	0.0467148870516	0.0442785943925	0.04962902184	0.0720799926779
9.59	0.0432897511202	0.0427323861034	0.0519557872784	0.0715354754529
9.6	0.0432862777778	0.0457815058333	0.050143921875	0.0661735
9.61	0.0446204922249	0.0446875771141	0.0485029603008	0.0726843010608
9.62	0.0419114647672	0.0424596988429	0.0470792985853	0.0689619356763
9.63	0.0459361725484	0.0462692168662	0.0482180551647	0.0649881546612
9.64	0.0459725968905	0.0429344268177	0.047785422083	0.0734735214614
9.65	0.0435630916266	0.0420821127611	0.0467366748101	0.0690368475932
9.66	0.0441962647189	0.041729678056	0.048426828526	0.0672496071396
9.67	0.0430408656288	0.0460926204885	0.0474136412684	0.0687958198631
9.68	0.0426671948637	0.0437761357831	0.0485672836555	0.0678022744348
9.69	0.0439730297637	0.0427096166763	0.0515312665808	0.0677182477227
9.7	0.0408351153151	0.0436366049527	0.0481311748326	0.0672268678924
9.71	0.0436407258488	0.0427654614087	0.0468924266128	0.0677808453387
9.72	0.0409395586716	0.0420495856661	0.0490022506732	0.0667748818778
9.73	0.043178335511	0.0423527165894	0.0489374154589	0.0699614035273
9.74	0.0432339808322	0.0427545718707	0.0505504092019	0.065738716274
9.75	0.0427549689941	0.0430555881278	0.0507129957659	0.0707041771466
9.76	0.0413166890621	0.0417556954448	0.0463797013572	0.0682328607901
9.77	0.0461119634919	0.0413030469436	0.0534497814105	0.0691311153459
9.78	0.0425755061245	0.0393837204762	0.0479202345256	0.0639983941185
9.79	0.0416258920476	0.04253987839	0.0467079768082	0.0694176580509
9.8	0.041309880883	0.042241780858	0.0481976693045	0.067463516868
9.81	0.0423926472498	0.041654754272	0.046286164963	0.0681201736147
9.82	0.039876390093	0.041937088099	0.0465856288965	0.0662265313318
9.83	0.0409383710256	0.0424240263689	0.049827145295	0.065590440955
9.84	0.0423537841232	0.0422329748166	0.0497985656686	0.0645756097561
9.85	0.0401628900513	0.0440086684388	0.0492956433817	0.0669581328042
9.86	0.0402601549482	0.0415048232085	0.0490182572239	0.0664774526947
9.87	0.0407128635791	0.0414948318167	0.0505516541791	0.0686316990173
9.88	0.041851031815	0.0397814903375	0.0461659361734	0.0670701306365
9.89	0.0414554583738	0.043152184239	0.0457714888035	0.0730835649168
9.9	0.0397084444444	0.0394332711519	0.0492353743496	0.0587785181104
9.91	0.0416415607267	0.039595995589	0.0471468337133	0.0692167167474
9.92	0.0424805931322	0.0401180657518	0.0459194117456	0.0656372528616
9.93	0.0408932148402	0.0431888637745	0.0457880287896	0.0636948468078
9.94	0.0377694027343	0.0388145921809	0.0469510730378	0.065042326393
9.95	0.0404819902528	0.0419002654842	0.046258502159	0.0637359258605
9.96	0.0405021596426	0.0404899856454	0.0438547765359	0.0648059934517
9.97	0.0419937670584	0.0422631489252	0.0467032809562	0.063234749786
9.98	0.0407753928699	0.0396545761021	0.0464679258316	0.064279491247
9.99	0.0404454969484	0.0420183244866	0.0449935196458	0.0647062373685
